-0.00999997 -0.0193995 1
-0.0100681 0.0127446 1
-0.0101012 0.0377446 1
-0.0101461 0.0627446 1
-0.010202 0.0877446 1
-0.0102731 0.112745 1
-0.0103584 0.137745 1
-0.0104625 0.162742 1
-0.010584 0.187742 1
-0.0107278 0.212742 1
-0.010892 0.237742 1
-0.011082 0.262742 1
-0.0112949 0.287742 1
-0.0115363 0.312739 1
-0.0118034 0.337739 1
-0.0121015 0.362735 1
-0.0124273 0.387732 1
-0.0127868 0.412732 1
-0.00913422 0.437464 1
-0.00546486 0.462192 1
-0.00183842 0.486927 1
0.00181262 0.511658 1
0.00543773 0.536396 1
0.00909259 0.561127 1
0.0127333 0.585862 1
0.0164067 0.61059 1
0.0200743 0.635318 1
0.0237761 0.660044 1
0.0274773 0.684766 1
0.0312127 0.709485 1
0.0349509 0.734205 1
0.0387221 0.758921 1
0.0426259 0.783613 1
0.0465409 0.808304 1
0.0504397 0.832999 1
0.0543519 0.857691 1
0.0582528 0.882386 1
0.0621686 0.907074 1
0.0660765 0.931769 1
0.0700005 0.956458 1
0.0739194 0.98115 1
0.0778544 1.00584 1
0.0818022 1.03052 1
0.0857507 1.05521 1
0.089712 1.0799 1
0.0937283 1.10457 1
0.0977479 1.12925 1
0.101761 1.15392 1
0.105778 1.1786 1
0.10979 1.20327 1
0.113808 1.22795 1
0.117822 1.25262 1
0.121843 1.2773 1
0.125861 1.30197 1
0.129886 1.32665 1
0.133909 1.35132 1
0.137939 1.37599 1
0.142 1.40066 1
0.146063 1.42533 1
0.15012 1.45 1
0.154179 1.47466 1
0.158234 1.49934 1
0.162292 1.524 1
0.166346 1.54867 1
0.170403 1.57334 1
0.174457 1.59801 1
0.178515 1.62268 1
0.182571 1.64735 1
0.18663 1.67202 1
0.190709 1.69668 1
0.194788 1.72134 1
0.198863 1.74601 1
0.202938 1.77068 1
0.207009 1.79534 1
0.211082 1.82001 1
0.215151 1.84468 1
0.219222 1.86934 1
0.223289 1.89401 1
0.227359 1.91867 1
0.231426 1.94334 1
0.235494 1.96801 1
0.239561 1.99268 1
0.243643 2.01734 1
0.247719 2.042 1
0.251797 2.06667 1
0.25587 2.09134 1
0.259944 2.116 1
0.264014 2.14067 1
0.268086 2.16534 1
0.272153 2.19 1
0.276222 2.21467 1
0.280288 2.23933 1
0.284355 2.264 1
0.28842 2.28867 1
0.292496 2.31334 1
0.296567 2.338 1
0.300639 2.36267 1
0.304706 2.38734 1
0.308774 2.412 1
0.312838 2.43667 1
0.316902 2.46134 1
0.320963 2.48601 1
0.325024 2.51067 1
0.329083 2.53534 1
0.333141 2.56001 1
0.337197 2.58468 1
0.341262 2.60935 1
0.345322 2.63401 1
0.349383 2.65868 1
0.353439 2.68335 1
0.357495 2.70802 1
0.361548 2.73269 1
0.365601 2.75736 1
0.36965 2.78203 1
0.3737 2.8067 1
0.377746 2.83137 1
0.381793 2.85604 1
0.385836 2.88071 1
0.38988 2.90538 1
0.39393 2.93005 1
0.397976 2.95472 1
0.402021 2.97939 1
0.406063 3.00406 1
0.410104 3.02873 1
0.414143 3.0534 1
0.41818 3.07808 1
0.422216 3.10275 1
0.42625 3.12742 1
0.430282 3.15209 1
0.434313 3.17677 1
0.438342 3.20144 1
0.442375 3.22611 1
0.446405 3.25078 1
0.450434 3.27546 1
0.45446 3.30013 1
0.458485 3.32481 1
0.462508 3.34948 1
0.466529 3.37416 1
0.470548 3.39883 1
0.474566 3.42351 1
0.478582 3.44818 1
0.482596 3.47286 1
0.486609 3.49753 1
0.490625 3.52221 1
0.494638 3.54688 1
0.498649 3.57156 1
0.502658 3.59623 1
0.506666 3.62091 1
0.510671 3.64559 1
0.514675 3.67027 1
0.518677 3.69494 1
0.522677 3.71962 1
0.526675 3.7443 1
0.530672 3.76898 1
0.534667 3.79366 1
0.538661 3.81834 1
0.542656 3.84302 1
0.546649 3.86769 1
0.55064 3.89237 1
0.554629 3.91705 1
0.558616 3.94173 1
0.562602 3.96641 1
0.566586 3.99109 1
0.570568 4.01578 1
0.574548 4.04045 1
0.578527 4.06514 1
0.582504 4.08982 1
0.586479 4.1145 1
0.590455 4.13918 1
0.59443 4.16386 1
0.598402 4.18855 1
0.602373 4.21323 1
0.606341 4.23791 1
0.610309 4.2626 1
0.614273 4.28728 1
0.618237 4.31196 1
0.622198 4.33665 1
0.626159 4.36133 1
0.630117 4.38602 1
0.634073 4.4107 1
0.638028 4.43539 1
0.641947 4.46008 1
0.645869 4.48477 1
0.649795 4.50946 1
0.653723 4.53415 1
0.657653 4.55884 1
0.661584 4.58352 1
0.665517 4.60821 1
0.66945 4.6329 1
0.673384 4.65759 1
0.677318 4.68228 1
0.681251 4.70697 1
0.685184 4.73166 1
0.689118 4.75635 1
0.691409 4.78124 1
0.693896 4.80612 1
0.696619 4.83097 1
0.699497 4.8558 1
0.702555 4.88061 1
0.705734 4.90541 1
0.709027 4.93019 1
0.712435 4.95496 1
0.71593 4.97972 1
0.719509 5.00446 1
0.723155 5.02919 1
0.726864 5.05391 1
0.730622 5.07863 1
0.734424 5.10334 1
0.738264 5.12804 1
0.740238 5.15296 1
0.742284 5.17788 1
0.7444 5.20279 1
0.746593 5.22769 1
0.748864 5.25259 1
0.751219 5.27748 1
0.75366 5.30236 1
0.756192 5.32723 1
0.758817 5.35209 1
0.761542 5.37694 1
0.76437 5.40178 1
0.767308 5.42661 1
0.770313 5.45143 1
0.773476 5.47623 1
0.776795 5.50101 1
0.780256 5.52577 1
0.783853 5.5505 1
0.787581 5.57523 1
0.790403 5.60006 1
0.793215 5.62491 1
0.795918 5.64976 1
0.798685 5.67461 1
0.801485 5.69945 1
0.804374 5.72428 1
0.80733 5.74911 1
0.810395 5.77392 1
0.813552 5.79872 1
0.816834 5.8235 1
0.820229 5.84827 1
0.823763 5.87302 1
0.827397 5.89775 1
0.831209 5.92246 1
0.835183 5.94714 1
0.83932 5.9718 1
0.842709 5.99657 1
0.846259 6.02131 1
0.850175 6.04601 1
0.854122 6.07069 1
0.858 6.09539 1
0.861989 6.12007 1
0.866046 6.14474 1
0.870244 6.16938 1
0.874552 6.19401 1
0.879025 6.21861 1
0.883641 6.24318 1
0.888443 6.26771 1
0.893472 6.2922 1
0.898547 6.31668 1
0.903541 6.34117 1
0.908697 6.36564 1
0.913929 6.39009 1
0.9194 6.41448 1
0.925238 6.43879 1
0.93126 6.46305 1
0.93739 6.48729 1
0.944033 6.51139 1
0.950572 6.53552 1
0.957274 6.5596 1
0.964316 6.58359 1
0.971453 6.60755 1
0.978571 6.63152 1
0.985891 6.65542 1
0.993772 6.67914 1
1.00187 6.7028 1
1.01003 6.72643 1
1.01819 6.75006 1
1.02657 6.77361 1
1.03513 6.7971 1
1.04458 6.82025 1
1.05427 6.8433 1
1.06407 6.86629 1
1.07399 6.88924 1
1.08412 6.9121 1
1.09488 6.93466 1
1.10581 6.95715 1
1.11695 6.97953 1
1.1284 7.00175 1
1.14009 7.02385 1
1.15214 7.04575 1
1.16446 7.06751 1
1.17715 7.08904 1
1.19002 7.11048 1
1.20335 7.13163 1
1.21697 7.15259 1
1.23089 7.17336 1
1.24501 7.19399 1
1.25948 7.21438 1
1.27449 7.23437 1
1.2897 7.25421 1
1.30487 7.27408 1
1.32049 7.2936 1
1.33636 7.31292 1
1.35231 7.33217 1
1.3685 7.35121 1
1.38492 7.37007 1
1.40144 7.38884 1
1.41816 7.40742 1
1.43506 7.42584 1
1.45194 7.44428 1
1.46906 7.4625 1
1.48624 7.48066 1
1.50389 7.49837 1
1.5217 7.51591 1
1.54019 7.53274 1
1.55873 7.54951 1
1.57736 7.56618 1
1.59654 7.58222 1
1.61576 7.59821 1
1.63506 7.61409 1
1.65453 7.62977 1
1.67434 7.64503 1
1.69417 7.66025 1
1.7142 7.67521 1
1.73453 7.68976 1
1.75506 7.70403 1
1.77577 7.71803 1
1.79663 7.73181 1
1.81769 7.74528 1
1.83893 7.75846 1
1.86037 7.77132 1
1.8819 7.78404 1
1.90357 7.79649 1
1.92542 7.80863 1
1.94748 7.8204 1
1.96954 7.83218 1
1.99163 7.84388 1
2.01393 7.85518 1
2.03642 7.86609 1
2.05919 7.87642 1
2.08175 7.88719 1
2.10475 7.89698 1
2.12791 7.90639 1
2.15129 7.91526 1
2.17474 7.92391 1
2.19837 7.93208 1
2.22198 7.94031 1
2.2456 7.94849 1
2.26924 7.95662 1
2.29297 7.9645 1
2.31672 7.97231 1
2.34048 7.98006 1
2.36463 7.98655 1
2.38884 7.99279 1
2.41313 7.99868 1
2.43747 8.00441 1
2.46181 8.01009 1
2.48622 8.01552 1
2.51068 8.02067 1
2.53518 8.02563 1
2.55974 8.03032 1
2.58404 8.03621 1
2.60851 8.04132 1
2.63308 8.04594 1
2.65775 8.04996 1
2.68247 8.05369 1
2.70721 8.0573 1
2.73199 8.06059 1
2.75683 8.06348 1
2.78168 8.06614 1
2.80657 8.06853 1
2.83147 8.07075 1
2.85639 8.0728 1
2.88131 8.07469 1
2.90626 8.07635 1
2.93121 8.07789 1
2.95617 8.07924 1
2.98114 8.0805 1
3.00612 8.08161 1
3.0311 8.08265 1
3.05608 8.08356 1
3.08107 8.08443 1
3.10605 8.08521 1
3.13104 8.08596 1
3.15603 8.08664 1
3.18102 8.08733 1
3.20601 8.08821 1
3.23099 8.08902 1
3.25599 8.08942 1
3.28099 8.0898 1
3.30599 8.09013 1
3.33098 8.09044 1
3.35598 8.09071 1
3.38098 8.09096 1
3.40598 8.09118 1
3.43098 8.09139 1
3.45598 8.09157 1
3.48098 8.09174 1
3.50598 8.09189 1
3.53098 8.09203 1
3.55598 8.09215 1
3.58098 8.09227 1
3.60598 8.09237 1
3.63098 8.09247 1
3.65598 8.09256 1
3.68098 8.09264 1
3.70598 8.09271 1
3.73098 8.09278 1
3.75598 8.09284 1
3.78098 8.0929 1
3.80598 8.09295 1
3.83098 8.093 1
3.85598 8.09304 1
3.88098 8.09309 1
3.90598 8.09312 1
3.93098 8.09316 1
3.95598 8.09319 1
3.98098 8.09322 1
4.00598 8.09325 1
4.03098 8.09328 1
4.05598 8.0933 1
4.08098 8.09333 1
4.10598 8.09335 1
4.13098 8.09337 1
4.15598 8.09338 1
4.18098 8.0934 1
4.20598 8.09342 1
4.23098 8.09343 1
4.25598 8.09345 1
4.28098 8.09346 1
4.30598 8.09347 1
4.33098 8.09349 1
4.35598 8.0935 1
4.38098 8.09351 1
4.40598 8.09352 1
4.43098 8.09352 1
4.45598 8.09353 1
4.48098 8.09354 1
4.50598 8.09355 1
4.53098 8.09355 1
4.55598 8.09355 1
4.58098 8.09356 1
4.60598 8.09356 1
4.63098 8.09356 1
4.65598 8.09356 1
4.68098 8.09355 1
4.70598 8.09354 1
4.73098 8.09353 1
4.75598 8.09351 1
4.78098 8.09349 1
4.80598 8.09345 1
4.83098 8.09341 1
4.85598 8.09336 1
4.88098 8.09329 1
4.90598 8.0932 1
4.93098 8.09308 1
4.95597 8.09294 1
4.98097 8.09274 1
5.00597 8.09237 1
5.03097 8.09198 1
5.05597 8.09162 1
5.08096 8.09125 1
5.10596 8.09088 1
5.13096 8.09047 1
5.15595 8.0899 1
5.18094 8.08934 1
5.20594 8.08885 1
5.23093 8.08836 1
5.25593 8.08793 1
5.28093 8.08751 1
5.30592 8.08713 1
5.33092 8.08676 1
5.35592 8.08642 1
5.38092 8.0861 1
5.40592 8.0858 1
5.43091 8.08551 1
5.45591 8.08525 1
5.48091 8.085 1
5.50591 8.08477 1
5.53091 8.08454 1
5.55591 8.08433 1
5.58091 8.08413 1
5.60591 8.08394 1
5.63091 8.08376 1
5.65591 8.08359 1
5.6809 8.08343 1
5.7059 8.08328 1
5.7309 8.08313 1
5.7559 8.083 1
5.7809 8.08286 1
5.8059 8.08273 1
5.8309 8.08261 1
5.8559 8.08249 1
5.8809 8.08237 1
5.9059 8.08226 1
5.9309 8.08214 1
5.9559 8.08203 1
5.9809 8.08192 1
6.0059 8.08181 1
6.0309 8.08168 1
6.0559 8.08156 1
6.0809 8.08143 1
6.1059 8.08129 1
6.1309 8.08114 1
6.1559 8.08097 1
6.1809 8.08079 1
6.2059 8.08058 1
6.2309 8.08035 1
6.25589 8.08008 1
6.28089 8.07978 1
6.30589 8.07943 1
6.33089 8.07903 1
6.35588 8.07855 1
6.38088 8.07799 1
6.40587 8.07734 1
6.43086 8.07658 1
6.45584 8.07567 1
6.48082 8.07459 1
6.50578 8.07331 1
6.53074 8.0718 1
6.55567 8.07 1
6.58058 8.06785 1
6.60545 8.06529 1
6.63026 8.06224 1
6.65499 8.0586 1
6.67962 8.05426 1
6.70407 8.04909 1
6.72831 8.04293 1
6.75222 8.03565 1
6.77584 8.02746 1
6.79936 8.01898 1
6.82278 8.01023 1
6.84611 8.00125 1
6.86935 7.99205 1
6.89253 7.98268 1
6.91585 7.97367 1
6.93937 7.9652 1
6.96306 7.95721 1
6.98693 7.94977 1
7.01097 7.94291 1
7.03516 7.9366 1
7.05949 7.93085 1
7.08376 7.92485 1
7.10794 7.91849 1
7.13205 7.91187 1
7.15608 7.90498 1
7.18002 7.89779 1
7.20384 7.89018 1
7.22755 7.88226 1
7.25118 7.87411 1
7.27462 7.86541 1
7.29736 7.85502 1
7.31965 7.84371 1
7.34161 7.83175 1
7.36332 7.81936 1
7.38477 7.80653 1
7.40597 7.79327 1
7.42685 7.77953 1
7.4477 7.76572 1
7.46846 7.7518 1
7.48909 7.73767 1
7.50945 7.72317 1
7.52963 7.70841 1
7.54951 7.69326 1
7.56915 7.67778 1
7.5885 7.66195 1
7.60752 7.64573 1
7.62624 7.62916 1
7.64468 7.61228 1
7.66278 7.59504 1
7.68052 7.57742 1
7.69788 7.55943 1
7.71483 7.54105 1
7.73132 7.52227 1
7.74731 7.50304 1
7.76282 7.48344 1
7.77785 7.46346 1
7.79224 7.44302 1
7.80616 7.42225 1
7.8196 7.40117 1
7.83256 7.37979 1
7.84497 7.35809 1
7.85692 7.33613 1
7.86841 7.31393 1
7.87943 7.29149 1
7.88998 7.26882 1
7.90006 7.24595 1
7.90974 7.22289 1
7.91907 7.1997 1
7.92804 7.17636 1
7.93659 7.15287 1
7.94449 7.12915 1
7.95205 7.10532 1
7.95925 7.08138 1
7.96604 7.05732 1
7.9724 7.03315 1
7.97839 7.00888 1
7.984 6.98451 1
7.98926 6.96007 1
7.99399 6.93552 1
7.99835 6.9109 1
8.00233 6.88622 1
8.00595 6.86149 1
8.00921 6.8367 1
8.01214 6.81187 1
8.01473 6.78701 1
8.01712 6.76212 1
8.01935 6.73722 1
8.02145 6.71231 1
8.02343 6.68739 1
8.0253 6.66246 1
8.02706 6.63752 1
8.02882 6.61258 1
8.03063 6.58765 1
8.03248 6.56272 1
8.03438 6.53779 1
8.03632 6.51287 1
8.03831 6.48794 1
8.04072 6.46306 1
8.0431 6.43818 1
8.04546 6.41329 1
8.04779 6.38839 1
8.0501 6.3635 1
8.05239 6.33861 1
8.05468 6.31371 1
8.05695 6.28882 1
8.05922 6.26392 1
8.06149 6.23902 1
8.06375 6.21412 1
8.06601 6.18923 1
8.06828 6.16433 1
8.07055 6.13943 1
8.07282 6.11454 1
8.07509 6.08964 1
8.07738 6.06474 1
8.07966 6.03985 1
8.08195 6.01495 1
8.08424 5.99006 1
8.08654 5.96516 1
8.08885 5.94027 1
8.09113 5.91538 1
8.0934 5.89048 1
8.09567 5.86558 1
8.09794 5.84069 1
8.1002 5.81579 1
8.10246 5.79089 1
8.10472 5.76599 1
8.10698 5.7411 1
8.10923 5.7162 1
8.11149 5.6913 1
8.11374 5.6664 1
8.11599 5.6415 1
8.11825 5.61661 1
8.1205 5.59171 1
8.12275 5.56681 1
8.12501 5.54191 1
8.12726 5.51701 1
8.12952 5.49211 1
8.13177 5.46722 1
8.13402 5.44232 1
8.13628 5.41742 1
8.13853 5.39252 1
8.14073 5.36762 1
8.14292 5.34271 1
8.14511 5.31781 1
8.1473 5.29291 1
8.14948 5.268 1
8.15167 5.2431 1
8.15385 5.21819 1
8.15603 5.19329 1
8.15821 5.16838 1
8.16039 5.14348 1
8.16257 5.11857 1
8.16475 5.09367 1
8.16692 5.06876 1
8.1691 5.04386 1
8.17127 5.01895 1
8.17344 4.99405 1
8.17561 4.96914 1
8.17778 4.94424 1
8.17995 4.91933 1
8.18212 4.89442 1
8.18428 4.86952 1
8.18644 4.84461 1
8.18861 4.81971 1
8.19071 4.79479 1
8.19281 4.76988 1
8.19491 4.74497 1
8.19697 4.72006 1
8.19894 4.69513 1
8.20083 4.67021 1
8.20266 4.64527 1
8.20444 4.62034 1
8.20618 4.5954 1
8.20785 4.57045 1
8.20943 4.5455 1
8.21094 4.52055 1
8.21238 4.49559 1
8.21379 4.47063 1
8.21516 4.44567 1
8.21651 4.4207 1
8.21784 4.39574 1
8.21918 4.37077 1
8.22052 4.34581 1
8.22187 4.32085 1
8.22324 4.29588 1
8.22464 4.27092 1
8.22607 4.24597 1
8.22755 4.22101 1
8.22906 4.19605 1
8.23064 4.1711 1
8.23226 4.14616 1
8.23395 4.12121 1
8.23572 4.09628 1
8.23755 4.07134 1
8.23947 4.04642 1
8.24044 4.02144 1
8.24146 3.99646 1
8.24253 3.97148 1
8.24365 3.94651 1
8.24483 3.92153 1
8.24608 3.89656 1
8.24741 3.8716 1
8.24882 3.84664 1
8.25033 3.82169 1
8.25193 3.79674 1
8.25365 3.7718 1
8.25549 3.74686 1
8.25747 3.72194 1
8.2596 3.69703 1
8.26189 3.67214 1
8.26439 3.64726 1
8.26707 3.62241 1
8.26982 3.59756 1
8.27269 3.57272 1
8.27571 3.54791 1
8.27889 3.52311 1
8.28228 3.49834 1
8.28585 3.4736 1
8.29045 3.44902 1
8.29508 3.42446 1
8.29978 3.3999 1
8.30453 3.37536 1
8.30926 3.35081 1
8.31401 3.32626 1
8.31886 3.30174 1
8.32383 3.27724 1
8.32899 3.25278 1
8.33433 3.22835 1
8.34055 3.20414 1
8.34685 3.17995 1
8.3531 3.15574 1
8.35932 3.13153 1
8.36564 3.10734 1
8.37208 3.08318 1
8.3787 3.05907 1
8.38552 3.03502 1
8.39287 3.01113 1
8.40025 2.98724 1
8.4077 2.96338 1
8.41524 2.93954 1
8.42294 2.91576 1
8.43083 2.89204 1
8.4389 2.86838 1
8.44727 2.84482 1
8.45573 2.82129 1
8.46432 2.79782 1
8.47305 2.77439 1
8.4819 2.75101 1
8.4909 2.72768 1
8.5 2.7044 1
8.50921 2.68116 1
8.51861 2.65799 1
8.52822 2.63491 1
8.53799 2.6119 1
8.54795 2.58897 1
8.55805 2.5661 1
8.56831 2.5433 1
8.57873 2.52058 1
8.5893 2.49792 1
8.59999 2.47532 1
8.61083 2.4528 1
8.62184 2.43035 1
8.63301 2.40798 1
8.64424 2.38565 1
8.65565 2.3634 1
8.66722 2.34124 1
8.67896 2.31917 1
8.69077 2.29714 1
8.70274 2.27519 1
8.71489 2.25334 1
8.72722 2.2316 1
8.73974 2.20995 1
8.7524 2.1884 1
8.7652 2.16692 1
8.7781 2.14551 1
8.79103 2.12411 1
8.80411 2.1028 1
8.81734 2.08159 1
8.83073 2.06048 1
8.84407 2.03934 1
8.85761 2.01832 1
8.87136 1.99744 1
8.88529 1.97668 1
8.89934 1.956 1
8.91355 1.93543 1
8.92792 1.91498 1
8.94239 1.89459 1
8.95696 1.87428 1
8.97167 1.85406 1
8.98648 1.83391 1
9.00127 1.81376 1
9.01624 1.79374 1
9.03138 1.77384 1
9.04658 1.754 1
9.06192 1.73425 1
9.07744 1.71466 1
9.09309 1.69516 1
9.10881 1.67573 1
9.12468 1.65641 1
9.14065 1.63717 1
9.1567 1.61801 1
9.17286 1.59893 1
9.18912 1.57994 1
9.20545 1.56101 1
9.22186 1.54215 1
9.2384 1.52341 1
9.25499 1.5047 1
9.27165 1.48606 1
9.28846 1.46755 1
9.30528 1.44906 1
9.32217 1.43063 1
9.33922 1.41235 1
9.35627 1.39407 1
9.37342 1.37587 1
9.39064 1.35775 1
9.40791 1.33968 1
9.4253 1.32171 1
9.44274 1.3038 1
9.46024 1.28594 1
9.47787 1.26822 1
9.49553 1.25053 1
9.51325 1.23289 1
9.53112 1.21541 1
9.54909 1.19802 1
9.5671 1.18068 1
9.58521 1.16346 1
9.60342 1.14632 1
9.62167 1.12924 1
9.63999 1.11223 1
9.65831 1.09522 1
9.67671 1.07828 1
9.69505 1.0613 1
9.71352 1.04445 1
9.73206 1.02769 1
9.75057 1.01088 1
9.7692 0.994202 1
9.7879 0.97761 1
9.80662 0.961045 1
9.82543 0.944578 1
9.84428 0.928156 1
9.8632 0.911814 1
9.88217 0.89553 1
9.90114 0.879252 1
9.92018 0.863044 1
9.93926 0.846891 1
9.95833 0.830723 1
9.97746 0.814634 1
9.99652 0.79845 1
10.0157 0.782389 1
10.0349 0.766425 1
10.0542 0.750495 1
10.0735 0.734626 1
10.0928 0.718781 1
10.1122 0.703006 1
10.1317 0.687281 1
10.1511 0.671552 1
10.1706 0.655896 1
10.1901 0.640275 1
10.2097 0.624695 1
10.2292 0.609162 1
10.2488 0.593577 1
10.2684 0.578061 1
10.2881 0.562616 1
10.3077 0.547104 1
10.3273 0.531696 1
10.3471 0.516334 1
10.3669 0.501044 1
10.3867 0.485801 1
10.4065 0.470597 1
10.4264 0.455436 1
10.4463 0.440311 1
10.4662 0.425205 1
10.4862 0.410129 1
10.5061 0.395081 1
10.5261 0.380039 1
10.5461 0.365037 1
10.5661 0.350046 1
10.5861 0.335059 1
10.6061 0.320099 1
10.6262 0.305152 1
10.6462 0.29022 1
10.6663 0.275293 1
10.6863 0.260376 1
10.7064 0.245478 1
10.7265 0.230579 1
10.7466 0.215705 1
10.7667 0.200834 1
10.7868 0.185962 1
10.8069 0.171109 1
10.827 0.156263 1
10.8471 0.141428 1
10.8672 0.126594 1
10.8874 0.111765 1
10.9075 0.0969487 1
10.9277 0.0821324 1
10.9478 0.0673314 1
10.9679 0.0525304 1
10.9881 0.0377355 1
11.0083 0.0229467 1
11.0284 0.00816394 1
11.0486 -0.00661267 1
11.0687 -0.0213862 1
11.0889 -0.0361506 1
11.1091 -0.0509089 1
11.1293 -0.0656611 1
11.1495 -0.0804072 1
11.1697 -0.0951472 1
11.1899 -0.109881 1
11.2101 -0.124609 1
11.2303 -0.139331 1
11.2505 -0.154043 1
11.2707 -0.168756 1
11.2909 -0.183459 1
11.3111 -0.198156 1
11.3314 -0.21285 1
11.3516 -0.227539 1
11.3718 -0.242221 1
11.3921 -0.256896 1
11.4123 -0.271569 1
11.4326 -0.286239 1
11.4528 -0.300903 1
11.473 -0.315563 1
11.4933 -0.330218 1
11.5136 -0.34487 1
11.5338 -0.359518 1
11.5541 -0.374163 1
11.5743 -0.388803 1
11.5946 -0.403436 1
11.6149 -0.418069 1
11.6352 -0.432699 1
11.6554 -0.447323 1
11.6757 -0.461944 1
11.696 -0.476562 1
11.7163 -0.491177 1
11.7366 -0.505789 1
11.7569 -0.520397 1
11.7771 -0.535003 1
11.7974 -0.549603 1
11.8177 -0.564202 1
11.838 -0.578799 1
11.8583 -0.593392 1
11.8786 -0.607983 1
11.8989 -0.62257 1
11.9192 -0.637155 1
11.9395 -0.651736 1
11.9598 -0.666314 1
11.9802 -0.680889 1
12.0005 -0.695462 1
12.0208 -0.710034 1
12.0411 -0.7246 1
12.0614 -0.739163 1
12.0817 -0.753726 1
12.1021 -0.768283 1
12.1224 -0.782839 1
12.1427 -0.797393 1
12.1631 -0.811944 1
12.1834 -0.826495 1
12.2037 -0.84104 1
12.2241 -0.855584 1
12.2444 -0.870126 1
12.2647 -0.884664 1
12.2851 -0.899203 1
12.3054 -0.913739 1
12.3257 -0.928271 1
12.3461 -0.9428 1
12.3664 -0.957333 1
12.3868 -0.971862 1
12.4071 -0.986389 1
12.4275 -1.00092 1
12.4478 -1.01544 1
12.4682 -1.02997 1
12.4885 -1.04451 1
12.5088 -1.05904 1
12.5292 -1.07357 1
12.5495 -1.08811 1
12.5699 -1.10266 1
12.5902 -1.11721 1
12.6105 -1.13177 1
12.6308 -1.14635 1
12.6511 -1.16093 1
12.6714 -1.17554 1
12.6917 -1.19016 1
12.7119 -1.20481 1
12.7322 -1.21947 1
12.7524 -1.23417 1
12.7726 -1.24891 1
12.7928 -1.26365 1
12.8129 -1.27846 1
12.833 -1.29333 1
12.8531 -1.30821 1
12.8732 -1.32316 1
12.8932 -1.33815 1
12.9131 -1.35322 1
12.933 -1.36834 1
12.9529 -1.38353 1
12.9727 -1.39881 1
12.9925 -1.41408 1
13.0122 -1.42948 1
13.0318 -1.44501 1
13.0514 -1.46053 1
13.0708 -1.47618 1
13.0903 -1.49188 1
13.1096 -1.50772 1
13.1289 -1.5237 1
13.148 -1.53974 1
13.1671 -1.55594 1
13.186 -1.57229 1
13.2049 -1.58868 1
13.2236 -1.60524 1
13.2424 -1.62176 1
13.2609 -1.63849 1
13.2794 -1.65538 1
13.2979 -1.67223 1
13.3161 -1.68928 1
13.3343 -1.70649 1
13.3524 -1.72366 1
13.3704 -1.74106 1
13.3882 -1.75864 1
13.4059 -1.77621 1
13.4234 -1.79406 1
13.441 -1.81186 1
13.4583 -1.82993 1
13.4753 -1.84825 1
13.4924 -1.86652 1
13.5091 -1.88508 1
13.5256 -1.90386 1
13.5421 -1.92262 1
13.5584 -1.94164 1
13.5743 -1.96089 1
13.5903 -1.98013 1
13.6059 -1.99963 1
13.6213 -2.01935 1
13.6365 -2.0392 1
13.6516 -2.05909 1
13.6665 -2.07915 1
13.6813 -2.09936 1
13.6961 -2.1195 1
13.7106 -2.13986 1
13.7248 -2.1604 1
13.7389 -2.18109 1
13.7529 -2.20177 1
13.7667 -2.22261 1
13.7803 -2.24359 1
13.7941 -2.26446 1
13.8075 -2.28553 1
13.8207 -2.30678 1
13.8337 -2.32817 1
13.8467 -2.34951 1
13.8594 -2.37102 1
13.8719 -2.39267 1
13.8842 -2.41444 1
13.8967 -2.43612 1
13.9088 -2.45795 1
13.9208 -2.47992 1
13.9325 -2.50201 1
13.9444 -2.52396 1
13.9561 -2.54606 1
13.9675 -2.5683 1
13.9787 -2.59066 1
13.9897 -2.61311 1
14.0009 -2.63546 1
14.0119 -2.65794 1
14.0226 -2.68053 1
14.0331 -2.70319 1
14.044 -2.72569 1
14.0548 -2.74827 1
14.0653 -2.77092 1
14.0757 -2.79368 1
14.0859 -2.81651 1
14.0964 -2.83921 1
14.1067 -2.86197 1
14.1168 -2.88484 1
14.1267 -2.90781 1
14.1364 -2.93084 1
14.1464 -2.95373 1
14.1564 -2.97668 1
14.1661 -2.99968 1
14.1758 -3.02274 1
14.1852 -3.0459 1
14.1949 -3.06893 1
14.2044 -3.09208 1
14.2135 -3.11534 1
14.2225 -3.1387 1
14.2312 -3.16214 1
14.2396 -3.18566 1
14.2483 -3.2091 1
14.2567 -3.23266 1
14.2647 -3.25632 1
14.2725 -3.28008 1
14.28 -3.30393 1
14.2872 -3.32787 1
14.2947 -3.35174 1
14.3018 -3.3757 1
14.3087 -3.39973 1
14.3153 -3.42384 1
14.3216 -3.44803 1
14.3276 -3.4723 1
14.3333 -3.49664 1
14.3388 -3.52104 1
14.345 -3.54525 1
14.3509 -3.56955 1
14.3565 -3.59391 1
14.3618 -3.61834 1
14.3669 -3.64282 1
14.3718 -3.66734 1
14.3763 -3.69192 1
14.3806 -3.71655 1
14.3846 -3.74122 1
14.3885 -3.76593 1
14.3934 -3.79044 1
14.3981 -3.81499 1
14.4026 -3.83959 1
14.4067 -3.86424 1
14.4106 -3.88893 1
14.4143 -3.91366 1
14.4179 -3.9384 1
14.4212 -3.96317 1
14.4244 -3.98798 1
14.4272 -4.01282 1
14.4297 -4.03769 1
14.432 -4.06259 1
14.4341 -4.0875 1
14.4359 -4.11244 1
14.4374 -4.13739 1
14.4406 -4.16219 1
14.4437 -4.18699 1
14.4468 -4.2118 1
14.4498 -4.23661 1
14.4529 -4.26143 1
14.4558 -4.28625 1
14.4588 -4.31108 1
14.4618 -4.3359 1
14.4647 -4.36073 1
14.4677 -4.38555 1
14.4706 -4.41038 1
14.4735 -4.4352 1
14.4765 -4.46003 1
14.4794 -4.48486 1
14.4824 -4.50969 1
14.4853 -4.53451 1
14.4882 -4.55934 1
14.4913 -4.58415 1
14.4943 -4.60897 1
14.4973 -4.63379 1
14.5003 -4.65861 1
14.5033 -4.68343 1
14.5063 -4.70825 1
14.5092 -4.73307 1
14.5122 -4.7579 1
14.5152 -4.78272 1
14.5181 -4.80754 1
14.5211 -4.83237 1
14.5241 -4.85719 1
14.527 -4.88202 1
14.53 -4.90684 1
14.5329 -4.93166 1
14.5359 -4.95649 1
14.5388 -4.98132 1
14.5418 -5.00614 1
14.5448 -5.03096 1
14.5477 -5.05579 1
14.5507 -5.08061 1
14.5536 -5.10544 1
14.5565 -5.13027 1
14.5595 -5.15509 1
14.5624 -5.17992 1
14.5653 -5.20475 1
14.5683 -5.22958 1
14.5712 -5.25441 1
14.5741 -5.27924 1
14.577 -5.30406 1
14.5799 -5.32889 1
14.5829 -5.35372 1
14.5858 -5.37855 1
14.5887 -5.40338 1
14.5916 -5.42821 1
14.5945 -5.45305 1
14.5974 -5.47788 1
14.6003 -5.50271 1
14.6031 -5.52754 1
14.606 -5.55238 1
14.6089 -5.57721 1
14.6118 -5.60205 1
14.6146 -5.62688 1
14.6175 -5.65172 1
14.6204 -5.67655 1
14.6232 -5.70139 1
14.6261 -5.72622 1
14.6289 -5.75106 1
14.6318 -5.7759 1
14.6346 -5.80073 1
14.6375 -5.82557 1
14.6403 -5.85041 1
14.6431 -5.87525 1
14.646 -5.90009 1
14.6488 -5.92493 1
14.6516 -5.94977 1
14.6544 -5.97461 1
14.6572 -5.99945 1
14.66 -6.0243 1
14.6628 -6.04914 1
14.6656 -6.07398 1
14.6684 -6.09882 1
14.6712 -6.12367 1
14.674 -6.14851 1
14.6768 -6.17335 1
14.6796 -6.1982 1
14.6824 -6.22304 1
14.6852 -6.24789 1
14.6879 -6.27273 1
14.6907 -6.29758 1
14.6935 -6.32243 1
14.6962 -6.34728 1
14.699 -6.37213 1
14.7017 -6.39697 1
14.7044 -6.42182 1
14.7072 -6.44667 1
14.7099 -6.47152 1
14.7126 -6.49637 1
14.7154 -6.52122 1
14.7181 -6.54608 1
14.7208 -6.57093 1
14.7235 -6.59578 1
14.7263 -6.62063 1
14.729 -6.64548 1
14.7317 -6.67034 1
14.7344 -6.69519 1
14.7371 -6.72004 1
14.7398 -6.74489 1
14.7425 -6.76975 1
14.7452 -6.79461 1
14.7478 -6.81946 1
14.7505 -6.84432 1
14.7532 -6.86918 1
14.7559 -6.89403 1
14.7585 -6.91889 1
14.7612 -6.94375 1
14.7638 -6.96861 1
14.7665 -6.99346 1
14.7691 -7.01832 1
14.7718 -7.04318 1
14.7744 -7.06804 1
14.7771 -7.0929 1
14.7797 -7.11776 1
14.7824 -7.14262 1
14.785 -7.16748 1
14.7876 -7.19234 1
14.7902 -7.21721 1
14.7929 -7.24207 1
14.7955 -7.26694 1
14.7981 -7.2918 1
14.8007 -7.31666 1
14.8033 -7.34153 1
14.8059 -7.36639 1
14.8085 -7.39126 1
14.811 -7.41612 1
14.8136 -7.44099 1
14.8162 -7.46586 1
14.8188 -7.49072 1
14.8214 -7.51559 1
14.8239 -7.54046 1
14.8265 -7.56532 1
14.8291 -7.59019 1
14.8317 -7.61506 1
14.8342 -7.63993 1
14.8368 -7.6648 1
14.8393 -7.68966 1
14.8419 -7.71454 1
14.8444 -7.73941 1
14.8469 -7.76428 1
14.8495 -7.78915 1
14.852 -7.81402 1
14.8545 -7.83889 1
14.8571 -7.86376 1
14.8596 -7.88864 1
14.8621 -7.91351 1
14.8646 -7.93838 1
14.8671 -7.96326 1
14.8696 -7.98813 1
14.8721 -8.01301 1
14.8746 -8.03788 1
14.8771 -8.06276 1
14.8796 -8.08763 1
14.8821 -8.11251 1
14.8846 -8.13738 1
14.8871 -8.16226 1
14.8896 -8.18714 1
14.892 -8.21201 1
14.8945 -8.23689 1
14.8969 -8.26177 1
14.8994 -8.28665 1
14.9019 -8.31153 1
14.9043 -8.33641 1
14.9068 -8.36129 1
14.9092 -8.38617 1
14.9117 -8.41105 1
14.9141 -8.43593 1
14.9165 -8.46081 1
14.919 -8.48569 1
14.9214 -8.51057 1
14.9239 -8.53545 1
14.9263 -8.56033 1
14.9287 -8.58522 1
14.9311 -8.6101 1
14.9336 -8.63498 1
14.936 -8.65986 1
14.9384 -8.68475 1
14.9408 -8.70963 1
14.9432 -8.73452 1
14.9456 -8.7594 1
14.948 -8.78428 1
14.9504 -8.80917 1
14.9528 -8.83406 1
14.9551 -8.85894 1
14.9575 -8.88383 1
14.9599 -8.90871 1
14.9623 -8.9336 1
14.9647 -8.95849 1
14.967 -8.98338 1
14.9694 -9.00826 1
14.9718 -9.03315 1
14.9741 -9.05804 1
14.9765 -9.08293 1
14.9788 -9.10782 1
14.9812 -9.1327 1
14.9836 -9.15759 1
14.9859 -9.18248 1
14.9882 -9.20737 1
14.9906 -9.23226 1
14.9929 -9.25715 1
14.9952 -9.28205 1
14.9976 -9.30694 1
14.9999 -9.33183 1
15.0022 -9.35672 1
15.0045 -9.38161 1
15.0068 -9.40651 1
15.0091 -9.4314 1
15.0115 -9.45629 1
15.0138 -9.48119 1
15.0161 -9.50608 1
15.0184 -9.53097 1
15.0207 -9.55587 1
15.023 -9.58076 1
15.0253 -9.60566 1
15.0275 -9.63055 1
15.0298 -9.65545 1
15.0321 -9.68034 1
15.0344 -9.70524 1
15.0367 -9.73013 1
15.039 -9.75503 1
15.0412 -9.77993 1
15.0435 -9.80482 1
15.0457 -9.82972 1
15.048 -9.85462 1
15.0503 -9.87952 1
15.0525 -9.90442 1
15.0548 -9.92931 1
15.057 -9.95421 1
15.0593 -9.97911 1
15.0615 -10.004 1
15.0637 -10.0289 1
15.066 -10.0538 1
15.0682 -10.0787 1
15.0704 -10.1036 1
15.0727 -10.1285 1
15.0749 -10.1534 1
15.0771 -10.1783 1
15.0793 -10.2032 1
15.0816 -10.2281 1
15.0838 -10.253 1
15.086 -10.2779 1
15.0882 -10.3028 1
15.0904 -10.3277 1
15.0926 -10.3526 1
15.0948 -10.3775 1
15.097 -10.4024 1
15.0992 -10.4273 1
15.1014 -10.4522 1
15.1036 -10.4771 1
15.1057 -10.502 1
15.1079 -10.527 1
15.1101 -10.5519 1
15.1123 -10.5768 1
15.1145 -10.6017 1
15.1166 -10.6266 1
15.1188 -10.6515 1
15.121 -10.6764 1
15.1231 -10.7013 1
15.1253 -10.7262 1
15.1275 -10.7511 1
15.1296 -10.776 1
15.1318 -10.8009 1
15.1339 -10.8258 1
15.1361 -10.8507 1
15.1382 -10.8756 1
15.1404 -10.9005 1
15.1425 -10.9255 1
15.1446 -10.9504 1
15.1468 -10.9753 1
15.1489 -11.0002 1
15.151 -11.0251 1
15.1532 -11.05 1
15.1553 -11.0749 1
15.1574 -11.0998 1
15.1595 -11.1247 1
15.1616 -11.1496 1
15.1638 -11.1746 1
15.1659 -11.1995 1
15.168 -11.2244 1
15.1701 -11.2493 1
15.1722 -11.2742 1
15.1743 -11.2991 1
15.1764 -11.324 1
15.1785 -11.3489 1
15.1806 -11.3738 1
15.1827 -11.3988 1
15.1848 -11.4237 1
15.1869 -11.4486 1
15.189 -11.4735 1
15.191 -11.4984 1
15.1931 -11.5233 1
15.1952 -11.5482 1
15.1972 -11.5731 1
15.1993 -11.5981 1
15.2014 -11.623 1
15.2034 -11.6479 1
15.2055 -11.6728 1
15.2076 -11.6977 1
15.2096 -11.7226 1
15.2117 -11.7476 1
15.2137 -11.7725 1
15.2158 -11.7974 1
15.2178 -11.8223 1
15.2199 -11.8472 1
15.2219 -11.8721 1
15.224 -11.897 1
15.226 -11.922 1
15.228 -11.9469 1
15.2301 -11.9718 1
15.2321 -11.9967 1
15.2341 -12.0216 1
15.2362 -12.0465 1
15.2382 -12.0715 1
15.2402 -12.0964 1
15.2422 -12.1213 1
15.2442 -12.1462 1
15.2463 -12.1711 1
15.2483 -12.1961 1
15.2503 -12.221 1
15.2523 -12.2459 1
15.2543 -12.2708 1
15.2563 -12.2957 1
15.2583 -12.3207 1
15.2603 -12.3456 1
15.2623 -12.3705 1
15.2643 -12.3954 1
15.2663 -12.4203 1
15.2682 -12.4453 1
15.2702 -12.4702 1
15.2722 -12.4951 1
15.2742 -12.52 1
15.2762 -12.5449 1
15.2782 -12.5699 1
15.2801 -12.5948 1
15.2821 -12.6197 1
15.2841 -12.6446 1
15.2861 -12.6696 1
15.288 -12.6945 1
15.29 -12.7194 1
15.34 -12.7694 1
15.3304 -13.7578 1
15.3298 -13.7828 1
15.3292 -13.8078 1
15.3285 -13.8328 1
15.3279 -13.8578 1
15.3272 -13.8828 1
15.3265 -13.9077 1
15.3257 -13.9327 1
15.325 -13.9577 1
15.3242 -13.9827 1
15.3234 -14.0077 1
15.3226 -14.0327 1
15.3217 -14.0577 1
15.3208 -14.0827 1
15.3199 -14.1076 1
15.319 -14.1326 1
15.318 -14.1576 1
15.317 -14.1826 1
15.316 -14.2076 1
15.315 -14.2325 1
15.3139 -14.2575 1
15.3128 -14.2825 1
15.3117 -14.3075 1
15.3105 -14.3324 1
15.3093 -14.3574 1
15.3081 -14.3824 1
15.3068 -14.4073 1
15.3055 -14.4323 1
15.3042 -14.4573 1
15.3028 -14.4822 1
15.3014 -14.5072 1
15.3 -14.5322 1
15.2985 -14.5571 1
15.297 -14.5821 1
15.2954 -14.607 1
15.2938 -14.632 1
15.2921 -14.6569 1
15.2905 -14.6819 1
15.2887 -14.7068 1
15.287 -14.7317 1
15.2853 -14.7567 1
15.2836 -14.7816 1
15.2819 -14.8066 1
15.2802 -14.8315 1
15.2785 -14.8564 1
15.2768 -14.8814 1
15.2751 -14.9063 1
15.2734 -14.9313 1
15.2716 -14.9562 1
15.2699 -14.9812 1
15.2682 -15.0061 1
15.2665 -15.031 1
15.2648 -15.056 1
15.2631 -15.0809 1
15.2614 -15.1059 1
15.2597 -15.1308 1
15.258 -15.1557 1
15.2563 -15.1807 1
15.2546 -15.2056 1
15.2529 -15.2306 1
15.2512 -15.2555 1
15.2496 -15.2805 1
15.2479 -15.3054 1
15.2462 -15.3303 1
15.2445 -15.3553 1
15.2429 -15.3802 1
15.2412 -15.4052 1
15.2395 -15.4301 1
15.2379 -15.4551 1
15.2362 -15.48 1
15.2346 -15.505 1
15.2329 -15.5299 1
15.2312 -15.5548 1
15.2296 -15.5798 1
15.2279 -15.6047 1
15.2262 -15.6297 1
15.2246 -15.6546 1
15.2229 -15.6796 1
15.2213 -15.7045 1
15.2196 -15.7295 1
15.218 -15.7544 1
15.2163 -15.7794 1
15.2147 -15.8043 1
15.213 -15.8292 1
15.2114 -15.8542 1
15.2097 -15.8791 1
15.2081 -15.9041 1
15.2065 -15.929 1
15.2048 -15.954 1
15.2032 -15.9789 1
15.2015 -16.0039 1
15.1999 -16.0288 1
15.1983 -16.0538 1
15.1967 -16.0787 1
15.195 -16.1037 1
15.1934 -16.1286 1
15.1918 -16.1536 1
15.1902 -16.1785 1
15.1886 -16.2034 1
15.187 -16.2284 1
15.1854 -16.2533 1
15.1838 -16.2783 1
15.1822 -16.3032 1
15.1805 -16.3282 1
15.1789 -16.3531 1
15.1773 -16.3781 1
15.1757 -16.403 1
15.1741 -16.428 1
15.1725 -16.4529 1
15.1709 -16.4779 1
15.1693 -16.5028 1
15.1677 -16.5278 1
15.1661 -16.5527 1
15.1645 -16.5777 1
15.1629 -16.6026 1
15.1613 -16.6276 1
15.1597 -16.6525 1
15.1582 -16.6775 1
15.1566 -16.7024 1
15.155 -16.7274 1
15.1534 -16.7523 1
15.1518 -16.7773 1
15.1502 -16.8022 1
15.1487 -16.8272 1
15.1471 -16.8521 1
15.1455 -16.8771 1
15.144 -16.902 1
15.1424 -16.927 1
15.1408 -16.9519 1
15.1393 -16.9769 1
15.1377 -17.0018 1
15.1361 -17.0268 1
15.1346 -17.0517 1
15.133 -17.0767 1
15.1314 -17.1016 1
15.1299 -17.1266 1
15.1283 -17.1515 1
15.1268 -17.1765 1
15.1252 -17.2014 1
15.1236 -17.2264 1
15.1221 -17.2513 1
15.1205 -17.2763 1
15.119 -17.3012 1
15.1174 -17.3262 1
15.1159 -17.3511 1
15.1143 -17.3761 1
15.1128 -17.4011 1
15.1112 -17.426 1
15.1097 -17.451 1
15.1081 -17.4759 1
15.1066 -17.5009 1
15.1051 -17.5258 1
15.1035 -17.5508 1
15.102 -17.5757 1
15.1004 -17.6007 1
15.0989 -17.6256 1
15.0974 -17.6506 1
15.0959 -17.6755 1
15.0943 -17.7005 1
15.0928 -17.7254 1
15.0913 -17.7504 1
15.0897 -17.7753 1
15.0882 -17.8003 1
15.0867 -17.8253 1
15.0852 -17.8502 1
15.0836 -17.8752 1
15.0821 -17.9001 1
15.0806 -17.9251 1
15.0791 -17.95 1
15.0776 -17.975 1
15.076 -17.9999 1
15.0745 -18.0249 1
15.073 -18.0498 1
15.0715 -18.0748 1
15.07 -18.0997 1
15.0685 -18.1247 1
15.0669 -18.1497 1
15.0654 -18.1746 1
15.0639 -18.1996 1
15.0624 -18.2245 1
15.0609 -18.2495 1
15.0594 -18.2744 1
15.0579 -18.2994 1
15.0564 -18.3243 1
15.0549 -18.3493 1
15.0534 -18.3742 1
15.0519 -18.3992 1
15.0504 -18.4241 1
15.0489 -18.4491 1
15.0474 -18.4741 1
15.0459 -18.499 1
15.0444 -18.524 1
15.0429 -18.5489 1
15.0414 -18.5739 1
15.0399 -18.5988 1
15.0384 -18.6238 1
15.0369 -18.6487 1
15.0354 -18.6737 1
15.0339 -18.6987 1
15.0324 -18.7236 1
15.0309 -18.7486 1
15.0295 -18.7735 1
15.028 -18.7985 1
15.0265 -18.8234 1
15.025 -18.8484 1
15.0235 -18.8733 1
15.022 -18.8983 1
15.0205 -18.9233 1
15.0191 -18.9482 1
15.0176 -18.9732 1
15.0161 -18.9981 1
15.0146 -19.0231 1
15.0131 -19.048 1
15.0116 -19.073 1
15.0102 -19.098 1
15.0087 -19.1229 1
15.0072 -19.1479 1
15.0057 -19.1728 1
15.0043 -19.1978 1
15.0028 -19.2227 1
15.0013 -19.2477 1
14.9998 -19.2726 1
14.9984 -19.2976 1
14.9969 -19.3226 1
14.9954 -19.3475 1
14.994 -19.3725 1
14.9925 -19.3974 1
14.991 -19.4224 1
14.9895 -19.4473 1
14.988 -19.4723 1
14.9864 -19.4972 1
14.9848 -19.5222 1
14.9831 -19.5471 1
14.9814 -19.5721 1
14.9797 -19.597 1
14.9779 -19.622 1
14.9761 -19.6469 1
14.9743 -19.6718 1
14.9725 -19.6968 1
14.9706 -19.7217 1
14.9688 -19.7466 1
14.9669 -19.7716 1
14.9651 -19.7965 1
14.9632 -19.8214 1
14.9614 -19.8463 1
14.9595 -19.8713 1
14.9576 -19.8962 1
14.9558 -19.9211 1
14.9539 -19.9461 1
14.952 -19.971 1
14.9502 -19.9959 1
14.9483 -20.0209 1
14.9465 -20.0458 1
14.9446 -20.0707 1
14.9428 -20.0957 1
14.941 -20.1206 1
14.9391 -20.1455 1
14.9373 -20.1705 1
14.9354 -20.1954 1
14.9335 -20.2203 1
14.9317 -20.2452 1
14.9298 -20.2702 1
14.9278 -20.2951 1
14.9259 -20.32 1
14.924 -20.3449 1
14.9221 -20.3699 1
14.9201 -20.3948 1
14.9182 -20.4197 1
14.9163 -20.4446 1
14.9143 -20.4696 1
14.9124 -20.4945 1
14.9104 -20.5194 1
14.9085 -20.5443 1
14.9066 -20.5693 1
14.9046 -20.5942 1
14.9027 -20.6191 1
14.9008 -20.644 1
14.8989 -20.669 1
14.897 -20.6939 1
14.8951 -20.7188 1
14.8932 -20.7438 1
14.8914 -20.7687 1
14.8896 -20.7936 1
14.8878 -20.8186 1
14.886 -20.8435 1
14.8841 -20.8684 1
14.8823 -20.8934 1
14.8805 -20.9183 1
14.8787 -20.9432 1
14.8768 -20.9682 1
14.8751 -20.9931 1
14.8734 -21.018 1
14.8718 -21.043 1
14.8703 -21.068 1
14.8689 -21.0929 1
14.8675 -21.1179 1
14.8663 -21.1428 1
14.8651 -21.1678 1
14.8641 -21.1928 1
14.8631 -21.2178 1
14.8622 -21.2428 1
14.8614 -21.2677 1
14.8607 -21.2927 1
14.86 -21.3177 1
14.8593 -21.3427 1
14.8587 -21.3677 1
14.8581 -21.3927 1
14.8575 -21.4177 1
14.8569 -21.4427 1
14.8564 -21.4677 1
14.8558 -21.4927 1
14.8553 -21.5177 1
14.8547 -21.5427 1
14.8541 -21.5677 1
14.8535 -21.5926 1
14.8529 -21.6176 1
14.8522 -21.6426 1
14.8516 -21.6676 1
14.8508 -21.6926 1
14.85 -21.7176 1
14.8493 -21.7426 1
14.8485 -21.7676 1
14.8476 -21.7926 1
14.8467 -21.8175 1
14.8458 -21.8425 1
14.8448 -21.8675 1
14.8437 -21.8925 1
14.8424 -21.9175 1
14.8411 -21.9424 1
14.8395 -21.9674 1
14.8408 -21.9923 1
14.8425 -22.0173 1
14.8447 -22.0422 1
14.8474 -22.067 1
14.8504 -22.0918 1
14.8538 -22.1166 1
14.8575 -22.1413 1
14.8614 -22.166 1
14.8649 -22.1908 1
14.8678 -22.2156 1
14.8703 -22.2405 1
14.8726 -22.2654 1
14.8747 -22.2903 1
14.8767 -22.3152 1
14.8786 -22.3401 1
14.8806 -22.3651 1
14.8825 -22.39 1
14.8844 -22.4149 1
14.8863 -22.4398 1
14.891 -22.4644 1
14.8955 -22.489 1
14.8998 -22.5136 1
14.9041 -22.5382 1
14.9084 -22.5629 1
14.9127 -22.5875 1
14.9171 -22.6121 1
14.9215 -22.6367 1
14.9259 -22.6613 1
14.9304 -22.6859 1
14.9349 -22.7105 1
14.9395 -22.7351 1
14.944 -22.7597 1
14.9487 -22.7842 1
14.9533 -22.8088 1
14.958 -22.8334 1
14.9628 -22.8579 1
14.9675 -22.8825 1
14.9723 -22.907 1
14.9771 -22.9315 1
14.982 -22.956 1
14.9869 -22.9806 1
14.9917 -23.0051 1
14.9966 -23.0296 1
15.0016 -23.0541 1
15.0065 -23.0786 1
15.0115 -23.1031 1
15.0165 -23.1276 1
15.0215 -23.1521 1
15.0265 -23.1766 1
15.0316 -23.2011 1
15.0366 -23.2256 1
15.0417 -23.25 1
15.0468 -23.2745 1
15.0518 -23.299 1
15.0569 -23.3235 1
15.062 -23.348 1
15.067 -23.3725 1
15.072 -23.397 1
15.0769 -23.4215 1
15.0816 -23.446 1
15.0862 -23.4706 1
15.0911 -23.4951 1
15.0958 -23.5197 1
15.1005 -23.5442 1
15.1051 -23.5688 1
15.1095 -23.5934 1
15.1136 -23.6181 1
15.1175 -23.6428 1
15.1212 -23.6675 1
15.1247 -23.6922 1
15.128 -23.717 1
15.1311 -23.7418 1
15.1339 -23.7667 1
15.1365 -23.7915 1
15.1388 -23.8164 1
15.1409 -23.8413 1
15.1428 -23.8663 1
15.1445 -23.8912 1
15.146 -23.9162 1
15.1473 -23.9411 1
15.1485 -23.9661 1
15.1494 -23.9911 1
15.1502 -24.0161 1
15.1509 -24.0411 1
15.1514 -24.0661 1
15.1517 -24.091 1
15.1519 -24.116 1
15.152 -24.141 1
15.1519 -24.166 1
15.1517 -24.191 1
15.1513 -24.216 1
15.1508 -24.241 1
15.1501 -24.266 1
15.1493 -24.291 1
15.1482 -24.316 1
15.147 -24.341 1
15.1455 -24.3659 1
15.1439 -24.3909 1
15.142 -24.4158 1
15.1399 -24.4407 1
15.1375 -24.4656 1
15.1347 -24.4904 1
15.1315 -24.5152 1
15.1277 -24.5399 1
15.1235 -24.5646 1
15.1187 -24.5891 1
15.1133 -24.6135 1
15.1075 -24.6378 1
15.1011 -24.662 1
15.0942 -24.686 1
15.0869 -24.71 1
15.0794 -24.7338 1
15.0716 -24.7576 1
15.0637 -24.7813 1
15.0556 -24.8049 1
15.0475 -24.8286 1
15.0393 -24.8522 1
15.0309 -24.8757 1
15.0222 -24.8992 1
15.0132 -24.9225 1
15.004 -24.9458 1
14.9946 -24.9689 1
14.9848 -24.9919 1
14.9749 -25.0149 1
14.9647 -25.0377 1
14.9543 -25.0604 1
14.9437 -25.083 1
14.9328 -25.1056 1
14.9217 -25.128 1
14.9104 -25.1503 1
14.8989 -25.1724 1
14.8871 -25.1945 1
14.8751 -25.2164 1
14.8629 -25.2383 1
14.8505 -25.26 1
14.8378 -25.2815 1
14.8249 -25.3029 1
14.8118 -25.3242 1
14.7984 -25.3453 1
14.7848 -25.3663 1
14.7709 -25.3871 1
14.7568 -25.4077 1
14.7424 -25.4282 1
14.7278 -25.4484 1
14.713 -25.4686 1
14.6979 -25.4885 1
14.6826 -25.5083 1
14.6672 -25.528 1
14.6516 -25.5475 1
14.6358 -25.5669 1
14.6198 -25.5861 1
14.6037 -25.6053 1
14.5875 -25.6243 1
14.571 -25.6431 1
14.5543 -25.6617 1
14.5374 -25.6801 1
14.5203 -25.6983 1
14.5029 -25.7163 1
14.4853 -25.734 1
14.4675 -25.7516 1
14.4495 -25.7689 1
14.4313 -25.786 1
14.4129 -25.8029 1
14.3942 -25.8196 1
14.3754 -25.836 1
14.3564 -25.8523 1
14.3372 -25.8683 1
14.3178 -25.8841 1
14.2983 -25.8997 1
14.2786 -25.9151 1
14.2588 -25.9303 1
14.2387 -25.9453 1
14.2186 -25.9601 1
14.1982 -25.9746 1
14.1778 -25.9889 1
14.1571 -26.003 1
14.1363 -26.0169 1
14.1153 -26.0305 1
14.0941 -26.0438 1
14.0727 -26.0566 1
14.0509 -26.0689 1
14.0289 -26.0807 1
14.0066 -26.0921 1
13.9841 -26.103 1
13.9613 -26.1131 1
13.9382 -26.1227 1
13.9149 -26.1319 1
13.8915 -26.1408 1
13.8681 -26.1495 1
13.8446 -26.1581 1
13.8211 -26.1664 1
13.7974 -26.1745 1
13.7737 -26.1823 1
13.7498 -26.1897 1
13.7258 -26.1968 1
13.7017 -26.2034 1
13.6774 -26.2095 1
13.6531 -26.215 1
13.6286 -26.22 1
13.604 -26.2245 1
13.5793 -26.2286 1
13.5546 -26.2322 1
13.5298 -26.2354 1
13.5049 -26.2382 1
13.4801 -26.2406 1
13.4552 -26.2427 1
13.4302 -26.2445 1
13.4053 -26.246 1
13.3803 -26.2471 1
13.3553 -26.2479 1
13.3303 -26.2483 1
13.3053 -26.2483 1
13.2803 -26.248 1
13.2553 -26.2472 1
13.2303 -26.2459 1
13.2054 -26.2441 1
13.1805 -26.2418 1
13.1557 -26.2389 1
13.1309 -26.2355 1
13.1063 -26.2314 1
13.0817 -26.2268 1
13.0572 -26.2217 1
13.0327 -26.2167 1
13.0084 -26.211 1
12.9842 -26.2047 1
12.96 -26.1982 1
12.936 -26.1913 1
12.912 -26.1843 1
12.8881 -26.1771 1
12.8642 -26.1696 1
12.8414 -26.1593 1
12.8183 -26.1499 1
12.7949 -26.1411 1
12.7715 -26.1322 1
12.7509 -26.118 1
12.73 -26.1044 1
12.7088 -26.0911 1
12.6874 -26.0782 1
12.6673 -26.0634 1
12.647 -26.0487 1
12.6262 -26.0349 1
12.6047 -26.022 1
12.583 -26.0097 1
12.5608 -25.9982 1
12.5383 -25.9872 1
12.5158 -25.9765 1
12.4932 -25.9657 1
12.4708 -25.9547 1
12.4484 -25.9434 1
12.4262 -25.932 1
12.404 -25.9205 1
12.3818 -25.909 1
12.3596 -25.8974 1
12.3375 -25.8857 1
12.3155 -25.874 1
12.2934 -25.8622 1
12.2714 -25.8504 1
12.2493 -25.8386 1
12.2273 -25.8268 1
12.2053 -25.815 1
12.1832 -25.8032 1
12.1611 -25.7915 1
12.139 -25.7798 1
12.1169 -25.7682 1
12.0946 -25.7568 1
12.0723 -25.7456 1
12.0499 -25.7345 1
12.0274 -25.7235 1
12.0051 -25.7123 1
11.9827 -25.7012 1
11.9603 -25.6901 1
11.9378 -25.6791 1
11.9154 -25.668 1
11.893 -25.6571 1
11.8703 -25.6466 1
11.8473 -25.6366 1
11.8243 -25.6269 1
11.8015 -25.6167 1
11.7786 -25.6066 1
11.7556 -25.5968 1
11.7326 -25.587 1
11.7096 -25.5773 1
11.6867 -25.5673 1
11.6636 -25.5576 1
11.6404 -25.5483 1
11.6173 -25.5388 1
11.5941 -25.5293 1
11.571 -25.5198 1
11.5472 -25.5122 1
11.5233 -25.5048 1
11.4994 -25.4976 1
11.4754 -25.4905 1
11.4514 -25.4836 1
11.4274 -25.4766 1
11.4036 -25.4691 1
11.3797 -25.4616 1
11.3558 -25.4543 1
11.3319 -25.4471 1
11.3079 -25.4399 1
11.284 -25.4327 1
11.26 -25.4255 1
11.2361 -25.4182 1
11.2122 -25.4107 1
11.1884 -25.4031 1
11.1647 -25.3954 1
11.1409 -25.3875 1
11.1173 -25.3794 1
11.0937 -25.371 1
11.0704 -25.3619 1
11.0473 -25.3526 1
11.0242 -25.343 1
11.0012 -25.3332 1
10.9783 -25.3232 1
10.9555 -25.3129 1
10.9328 -25.3023 1
10.9104 -25.2914 1
10.8881 -25.2801 1
10.8659 -25.2685 1
10.8439 -25.2566 1
10.8221 -25.2443 1
10.8006 -25.2317 1
10.7791 -25.2188 1
10.7579 -25.2056 1
10.7369 -25.192 1
10.7161 -25.1781 1
10.6954 -25.1642 1
10.6749 -25.1499 1
10.6546 -25.1353 1
10.6344 -25.1205 1
10.6144 -25.1056 1
10.5945 -25.0904 1
10.5748 -25.075 1
10.5553 -25.0594 1
10.5359 -25.0436 1
10.5166 -25.0277 1
10.4976 -25.0115 1
10.4786 -24.9951 1
10.4598 -24.9787 1
10.4411 -24.9621 1
10.4225 -24.9454 1
10.404 -24.9286 1
10.3856 -24.9117 1
10.3672 -24.8948 1
10.3489 -24.8777 1
10.3308 -24.8605 1
10.3128 -24.8432 1
10.2947 -24.8258 1
10.2769 -24.8084 1
10.259 -24.7908 1
10.2412 -24.7733 1
10.2234 -24.7557 1
10.2057 -24.7381 1
10.188 -24.7204 1
10.1705 -24.7026 1
10.1529 -24.6848 1
10.1355 -24.6669 1
10.1181 -24.649 1
10.1007 -24.631 1
10.0833 -24.6131 1
10.066 -24.595 1
10.0487 -24.577 1
10.0314 -24.5589 1
10.0142 -24.5407 1
9.99703 -24.5226 1
9.9799 -24.5044 1
9.9628 -24.4861 1
9.94572 -24.4679 1
9.92867 -24.4496 1
9.91164 -24.4313 1
9.89465 -24.413 1
9.87768 -24.3946 1
9.86073 -24.3762 1
9.84382 -24.3578 1
9.82693 -24.3394 1
9.81006 -24.3209 1
9.79322 -24.3025 1
9.77639 -24.284 1
9.75959 -24.2654 1
9.74281 -24.2469 1
9.72605 -24.2284 1
9.70932 -24.2098 1
9.6926 -24.1912 1
9.67589 -24.1726 1
9.65921 -24.154 1
9.64254 -24.1354 1
9.62591 -24.1167 1
9.60928 -24.098 1
9.59266 -24.0793 1
9.57607 -24.0606 1
9.55949 -24.0419 1
9.54291 -24.0232 1
9.52636 -24.0045 1
9.50982 -23.9857 1
9.4933 -23.967 1
9.47678 -23.9482 1
9.46028 -23.9294 1
9.44379 -23.9106 1
9.42731 -23.8918 1
9.41084 -23.873 1
9.39438 -23.8542 1
9.37793 -23.8354 1
9.3615 -23.8165 1
9.34508 -23.7977 1
9.32865 -23.7789 1
9.31225 -23.76 1
9.29585 -23.7411 1
9.27946 -23.7222 1
9.26308 -23.7034 1
9.2467 -23.6845 1
9.23034 -23.6656 1
9.21399 -23.6467 1
9.19763 -23.6277 1
9.18129 -23.6088 1
9.16496 -23.5899 1
9.14862 -23.571 1
9.1323 -23.552 1
9.11598 -23.5331 1
9.09968 -23.5141 1
9.08337 -23.4952 1
9.06707 -23.4762 1
9.05078 -23.4573 1
9.03449 -23.4383 1
9.01821 -23.4193 1
9.00193 -23.4004 1
8.98566 -23.3814 1
8.96939 -23.3624 1
8.95312 -23.3434 1
8.93685 -23.3244 1
8.92059 -23.3054 1
8.90433 -23.2865 1
8.88808 -23.2675 1
8.87183 -23.2485 1
8.85557 -23.2295 1
8.83933 -23.2105 1
8.82308 -23.1915 1
8.80682 -23.1725 1
8.79058 -23.1535 1
8.77432 -23.1345 1
8.75808 -23.1155 1
8.74184 -23.0965 1
8.72558 -23.0775 1
8.70933 -23.0585 1
8.69308 -23.0395 1
8.67681 -23.0205 1
8.66056 -23.0015 1
8.64429 -22.9825 1
8.62804 -22.9635 1
8.61177 -22.9445 1
8.59549 -22.9256 1
8.57922 -22.9066 1
8.56294 -22.8876 1
8.54666 -22.8686 1
8.53037 -22.8497 1
8.51407 -22.8307 1
8.49778 -22.8118 1
8.48147 -22.7928 1
8.46513 -22.7739 1
8.44882 -22.7549 1
8.43248 -22.736 1
8.41615 -22.7171 1
8.3998 -22.6982 1
8.38343 -22.6793 1
8.36707 -22.6604 1
8.35069 -22.6415 1
8.33428 -22.6226 1
8.31789 -22.6038 1
8.30147 -22.5849 1
8.28507 -22.566 1
8.26863 -22.5472 1
8.25218 -22.5284 1
8.23573 -22.5096 1
8.21926 -22.4907 1
8.20276 -22.472 1
8.18627 -22.4532 1
8.16975 -22.4344 1
8.15325 -22.4156 1
8.13671 -22.3969 1
8.12014 -22.3782 1
8.10359 -22.3594 1
8.087 -22.3407 1
8.07037 -22.3221 1
8.05375 -22.3034 1
8.03711 -22.2847 1
8.02047 -22.2661 1
8.00379 -22.2474 1
7.98708 -22.2288 1
7.97037 -22.2102 1
7.95363 -22.1917 1
7.93685 -22.1731 1
7.92008 -22.1546 1
7.90327 -22.1361 1
7.88649 -22.1176 1
7.86965 -22.0991 1
7.85277 -22.0807 1
7.83591 -22.0622 1
7.81899 -22.0438 1
7.80202 -22.0254 1
7.78507 -22.0071 1
7.76806 -21.9887 1
7.751 -21.9705 1
7.73396 -21.9522 1
7.71684 -21.9339 1
7.69976 -21.9157 1
7.6826 -21.8975 1
7.66537 -21.8794 1
7.64817 -21.8613 1
7.6309 -21.8432 1
7.61354 -21.8252 1
7.59622 -21.8072 1
7.57881 -21.7892 1
7.56133 -21.7714 1
7.54387 -21.7535 1
7.52632 -21.7357 1
7.5088 -21.7178 1
7.4912 -21.7001 1
7.4735 -21.6824 1
7.45582 -21.6647 1
7.43807 -21.6471 1
7.4202 -21.6296 1
7.40235 -21.6121 1
7.38441 -21.5947 1
7.36636 -21.5774 1
7.34833 -21.5601 1
7.33019 -21.5429 1
7.31194 -21.5258 1
7.29371 -21.5087 1
7.27534 -21.4918 1
7.25687 -21.4749 1
7.23838 -21.4581 1
7.21971 -21.4415 1
7.20089 -21.425 1
7.18203 -21.4086 1
7.16296 -21.3924 1
7.14372 -21.3765 1
7.12446 -21.3605 1
7.10502 -21.3448 1
7.08541 -21.3293 1
7.06579 -21.3138 1
7.04601 -21.2985 1
7.02596 -21.2836 1
7.00592 -21.2686 1
6.98565 -21.254 1
6.96507 -21.2398 1
6.94426 -21.226 1
6.92357 -21.2119 1
6.90271 -21.1981 1
6.88166 -21.1847 1
6.86042 -21.1715 1
6.83929 -21.1581 1
6.81787 -21.1452 1
6.79623 -21.1327 1
6.77443 -21.1205 1
6.7527 -21.1081 1
6.73074 -21.0962 1
6.70852 -21.0847 1
6.68612 -21.0736 1
6.66356 -21.0628 1
6.64063 -21.0529 1
6.6175 -21.0434 1
6.5942 -21.0343 1
6.57079 -21.0255 1
6.54746 -21.0166 1
6.52405 -21.0078 1
6.50061 -20.9991 1
6.47715 -20.9905 1
6.45367 -20.9819 1
6.43014 -20.9734 1
6.40602 -20.9669 1
6.38179 -20.9607 1
6.35747 -20.9549 1
6.33308 -20.9494 1
6.30863 -20.9442 1
6.2841 -20.9394 1
6.25948 -20.935 1
6.23478 -20.9311 1
6.21004 -20.9276 1
6.18526 -20.9243 1
6.16045 -20.9212 1
6.13623 -20.915 1
6.11192 -20.9091 1
6.08754 -20.9036 1
6.06311 -20.8983 1
6.03864 -20.8932 1
6.01411 -20.8884 1
5.98951 -20.8839 1
5.96486 -20.8797 1
5.94015 -20.8759 1
5.9154 -20.8724 1
5.89061 -20.8692 1
5.86578 -20.8663 1
5.84091 -20.8637 1
5.81601 -20.8614 1
5.79109 -20.8595 1
5.76614 -20.858 1
5.74117 -20.8567 1
5.71618 -20.8558 1
5.69119 -20.8553 1
5.66619 -20.855 1
5.64119 -20.8551 1
5.61619 -20.8556 1
5.59121 -20.8565 1
5.56625 -20.8579 1
5.54133 -20.8599 1
5.51648 -20.8626 1
5.49171 -20.866 1
5.46706 -20.8702 1
5.44252 -20.875 1
5.41811 -20.8804 1
5.39384 -20.8863 1
5.36971 -20.8929 1
5.34573 -20.9 1
5.32189 -20.9075 1
5.29822 -20.9155 1
5.27466 -20.9239 1
5.25119 -20.9325 1
5.22776 -20.9412 1
5.20432 -20.9499 1
5.18086 -20.9585 1
5.15733 -20.967 1
5.13391 -20.9757 1
5.11064 -20.9849 1
5.08752 -20.9944 1
5.06458 -21.0043 1
5.04182 -21.0147 1
5.01921 -21.0253 1
4.99675 -21.0363 1
4.97445 -21.0476 1
4.95232 -21.0593 1
4.93037 -21.0712 1
4.90859 -21.0835 1
4.88699 -21.0961 1
4.8656 -21.109 1
4.8444 -21.1223 1
4.82337 -21.1358 1
4.80252 -21.1496 1
4.78186 -21.1637 1
4.76134 -21.1779 1
4.74097 -21.1924 1
4.72071 -21.2071 1
4.70059 -21.2219 1
4.68059 -21.2369 1
4.6607 -21.2521 1
4.64092 -21.2674 1
4.62126 -21.2828 1
4.6017 -21.2984 1
4.58226 -21.3141 1
4.56298 -21.33 1
4.54385 -21.3461 1
4.5249 -21.3624 1
4.50612 -21.3789 1
4.48754 -21.3956 1
4.46914 -21.4126 1
4.4509 -21.4297 1
4.43285 -21.4469 1
4.41497 -21.4644 1
4.39728 -21.4821 1
4.37981 -21.5 1
4.3626 -21.5181 1
4.34562 -21.5365 1
4.32891 -21.5551 1
4.3125 -21.5739 1
4.29635 -21.593 1
4.28046 -21.6123 1
4.26484 -21.6318 1
4.24953 -21.6516 1
4.2345 -21.6716 1
4.21975 -21.6917 1
4.20529 -21.7121 1
4.1911 -21.7327 1
4.17714 -21.7535 1
4.16345 -21.7744 1
4.15005 -21.7955 1
4.13694 -21.8168 1
4.12408 -21.8382 1
4.11148 -21.8598 1
4.09915 -21.8815 1
4.0871 -21.9034 1
4.0753 -21.9255 1
4.06375 -21.9477 1
4.05245 -21.97 1
4.04141 -21.9924 1
4.03064 -22.015 1
4.02013 -22.0376 1
4.00986 -22.0604 1
3.99986 -22.0833 1
3.99013 -22.1064 1
3.9807 -22.1295 1
3.97153 -22.1528 1
3.96262 -22.1761 1
3.95395 -22.1996 1
3.94555 -22.2231 1
3.93742 -22.2468 1
3.92952 -22.2705 1
3.92183 -22.2943 1
3.91435 -22.3181 1
3.90711 -22.3421 1
3.90011 -22.3661 1
3.8933 -22.3901 1
3.88667 -22.4142 1
3.88024 -22.4384 1
3.87399 -22.4626 1
3.86791 -22.4868 1
3.86197 -22.5111 1
3.85619 -22.5354 1
3.8506 -22.5598 1
3.84521 -22.5842 1
3.84003 -22.6087 1
3.83505 -22.6332 1
3.83024 -22.6577 1
3.8256 -22.6823 1
3.82116 -22.7069 1
3.81688 -22.7315 1
3.81277 -22.7562 1
3.80884 -22.7809 1
3.80513 -22.8056 1
3.80165 -22.8303 1
3.79839 -22.8551 1
3.79534 -22.8799 1
3.79249 -22.9048 1
3.78983 -22.9296 1
3.78737 -22.9545 1
3.78508 -22.9794 1
3.78297 -23.0043 1
3.78102 -23.0292 1
3.77922 -23.0542 1
3.77755 -23.0791 1
3.77599 -23.1041 1
3.77454 -23.129 1
3.77317 -23.154 1
3.77191 -23.179 1
3.77078 -23.2039 1
3.76979 -23.2289 1
3.76893 -23.2539 1
3.76822 -23.2789 1
3.76766 -23.3039 1
3.7672 -23.3289 1
3.76675 -23.3539 1
3.76633 -23.3789 1
3.76593 -23.4039 1
3.76554 -23.4289 1
3.76517 -23.4539 1
3.76481 -23.4789 1
3.76447 -23.5039 1
3.76414 -23.5289 1
3.76382 -23.5539 1
3.76351 -23.5789 1
3.76322 -23.6039 1
3.76293 -23.6289 1
3.76266 -23.6539 1
3.7624 -23.6789 1
3.76214 -23.7038 1
3.76189 -23.7288 1
3.76165 -23.7538 1
3.76142 -23.7788 1
3.76119 -23.8038 1
3.76097 -23.8288 1
3.76075 -23.8538 1
3.76054 -23.8788 1
3.76033 -23.9038 1
3.76013 -23.9288 1
3.75993 -23.9538 1
3.75973 -23.9788 1
3.75953 -24.0038 1
3.75933 -24.0288 1
3.75914 -24.0538 1
3.75894 -24.0788 1
3.75874 -24.1038 1
3.75854 -24.1288 1
3.75833 -24.1538 1
3.75813 -24.1788 1
3.75791 -24.2038 1
3.75769 -24.2288 1
3.75747 -24.2538 1
3.75723 -24.2788 1
3.75699 -24.3038 1
3.75673 -24.3288 1
3.75646 -24.3538 1
3.75618 -24.3788 1
3.75588 -24.4038 1
3.75556 -24.4288 1
3.75523 -24.4538 1
3.75487 -24.4788 1
3.75449 -24.5038 1
3.75408 -24.5288 1
3.75364 -24.5538 1
3.75316 -24.5788 1
3.75265 -24.6038 1
3.7521 -24.6288 1
3.75151 -24.6538 1
3.75087 -24.6788 1
3.75017 -24.7038 1
3.74942 -24.7288 1
3.7486 -24.7537 1
3.74772 -24.7787 1
3.74675 -24.8037 1
3.74571 -24.8287 1
3.74457 -24.8537 1
3.74333 -24.8786 1
3.74198 -24.9036 1
3.74051 -24.9285 1
3.73901 -24.9535 1
3.7375 -24.9785 1
3.73599 -25.0034 1
3.73448 -25.0284 1
3.73297 -25.0533 1
3.73145 -25.0783 1
3.72994 -25.1032 1
3.72843 -25.1282 1
3.72691 -25.1531 1
3.7254 -25.1781 1
3.72388 -25.203 1
3.72237 -25.228 1
3.72086 -25.253 1
3.71934 -25.2779 1
3.71783 -25.3029 1
3.71632 -25.3278 1
3.71481 -25.3528 1
3.7133 -25.3777 1
3.71179 -25.4027 1
3.71028 -25.4276 1
3.70877 -25.4526 1
3.70727 -25.4775 1
3.70576 -25.5025 1
3.70426 -25.5274 1
3.70276 -25.5524 1
3.70126 -25.5774 1
3.69976 -25.6023 1
3.69826 -25.6273 1
3.69677 -25.6522 1
3.69527 -25.6772 1
3.69378 -25.7021 1
3.69229 -25.7271 1
3.6908 -25.752 1
3.68931 -25.777 1
3.68783 -25.802 1
3.68634 -25.8269 1
3.68485 -25.8519 1
3.68336 -25.8768 1
3.68187 -25.9018 1
3.68038 -25.9267 1
3.67889 -25.9517 1
3.6774 -25.9766 1
3.67591 -26.0016 1
3.67442 -26.0266 1
3.67293 -26.0515 1
3.67144 -26.0765 1
3.66996 -26.1014 1
3.66847 -26.1264 1
3.66699 -26.1513 1
3.6655 -26.1763 1
3.66402 -26.2012 1
3.66253 -26.2262 1
3.66105 -26.2512 1
3.65957 -26.2761 1
3.65809 -26.3011 1
3.65661 -26.326 1
3.65513 -26.351 1
3.65366 -26.3759 1
3.65218 -26.4009 1
3.65071 -26.4259 1
3.64923 -26.4508 1
3.64776 -26.4758 1
3.64629 -26.5007 1
3.64482 -26.5257 1
3.64335 -26.5506 1
3.64189 -26.5756 1
3.64042 -26.6006 1
3.63896 -26.6255 1
3.63749 -26.6505 1
3.63603 -26.6754 1
3.63456 -26.7004 1
3.6331 -26.7253 1
3.63163 -26.7503 1
3.63017 -26.7753 1
3.6287 -26.8002 1
3.62724 -26.8252 1
3.62577 -26.8501 1
3.62431 -26.8751 1
3.62285 -26.9 1
3.62138 -26.925 1
3.61992 -26.95 1
3.61846 -26.9749 1
3.617 -26.9999 1
3.61554 -27.0248 1
3.61408 -27.0498 1
3.61262 -27.0747 1
3.61116 -27.0997 1
3.6097 -27.1247 1
3.60825 -27.1496 1
3.60679 -27.1746 1
3.60533 -27.1995 1
3.60388 -27.2245 1
3.60243 -27.2494 1
3.60097 -27.2744 1
3.59952 -27.2994 1
3.59807 -27.3243 1
3.59662 -27.3493 1
3.59517 -27.3742 1
3.59372 -27.3992 1
3.59228 -27.4241 1
3.59083 -27.4491 1
3.58936 -27.4741 1
3.58785 -27.499 1
3.58627 -27.524 1
3.58462 -27.5489 1
3.5829 -27.5739 1
3.58109 -27.5988 1
3.57918 -27.6237 1
3.57718 -27.6486 1
3.57507 -27.6735 1
3.57284 -27.6984 1
3.57049 -27.7233 1
3.568 -27.7482 1
3.56537 -27.7731 1
3.56258 -27.7979 1
3.55964 -27.8227 1
3.55652 -27.8475 1
3.55323 -27.8723 1
3.54974 -27.8971 1
3.54604 -27.9218 1
3.54214 -27.9465 1
3.53795 -27.9711 1
3.5334 -27.9957 1
3.52845 -28.0202 1
3.5231 -28.0447 1
3.51731 -28.069 1
3.51113 -28.0932 1
3.50449 -28.1173 1
3.49738 -28.1413 1
3.48978 -28.1651 1
3.48188 -28.1888 1
3.47365 -28.2124 1
3.46508 -28.2359 1
3.45615 -28.2592 1
3.44682 -28.2824 1
3.43708 -28.3055 1
3.42699 -28.3283 1
3.41653 -28.351 1
3.40566 -28.3736 1
3.39438 -28.3959 1
3.38268 -28.418 1
3.37058 -28.4398 1
3.35808 -28.4615 1
3.34516 -28.4829 1
3.33183 -28.504 1
3.31807 -28.5249 1
3.3039 -28.5455 1
3.28931 -28.5658 1
3.27432 -28.5858 1
3.25895 -28.6055 1
3.24322 -28.625 1
3.22711 -28.6441 1
3.21067 -28.6629 1
3.19391 -28.6815 1
3.17676 -28.6997 1
3.15928 -28.7175 1
3.14145 -28.7351 1
3.12326 -28.7522 1
3.10474 -28.769 1
3.08589 -28.7854 1
3.0667 -28.8014 1
3.04722 -28.8171 1
3.0274 -28.8324 1
3.00726 -28.8472 1
2.9868 -28.8615 1
2.96603 -28.8754 1
2.94496 -28.8889 1
2.92358 -28.9019 1
2.90191 -28.9143 1
2.87999 -28.9263 1
2.85781 -28.9379 1
2.8354 -28.949 1
2.81277 -28.9596 1
2.78994 -28.9698 1
2.76692 -28.9795 1
2.7437 -28.9888 1
2.72032 -28.9977 1
2.69681 -29.0061 1
2.67317 -29.0143 1
2.64941 -29.0221 1
2.62552 -29.0294 1
2.6015 -29.0363 1
2.57736 -29.0428 1
2.55311 -29.0489 1
2.52876 -29.0546 1
2.50434 -29.0599 1
2.47984 -29.0649 1
2.45526 -29.0695 1
2.43063 -29.0738 1
2.40595 -29.0777 1
2.38121 -29.0814 1
2.35644 -29.0847 1
2.33163 -29.0878 1
2.30679 -29.0907 1
2.28193 -29.0933 1
2.25703 -29.0955 1
2.23211 -29.0975 1
2.20716 -29.0991 1
2.18219 -29.1002 1
2.1572 -29.1009 1
2.1322 -29.1011 1
2.1072 -29.1007 1
2.08222 -29.0997 1
2.05727 -29.0981 1
2.03237 -29.0958 1
2.00755 -29.0929 1
1.98281 -29.0893 1
1.9582 -29.0849 1
1.93372 -29.0798 1
1.90939 -29.074 1
1.88487 -29.0692 1
1.86058 -29.0633 1
1.83658 -29.0563 1
1.81285 -29.0484 1
1.78941 -29.0397 1
1.76625 -29.0303 1
1.74335 -29.0203 1
1.71942 -29.013 1
1.69566 -29.0053 1
1.67211 -28.9969 1
1.64879 -28.9879 1
1.62573 -28.9782 1
1.60305 -28.9677 1
1.58065 -28.9566 1
1.55855 -28.9449 1
1.53677 -28.9326 1
1.51536 -28.9197 1
1.49409 -28.9066 1
1.47326 -28.8927 1
1.45286 -28.8783 1
1.43257 -28.8637 1
1.41267 -28.8486 1
1.39315 -28.8329 1
1.37382 -28.8171 1
1.35482 -28.8008 1
1.33614 -28.7842 1
1.31777 -28.7673 1
1.29973 -28.75 1
1.28204 -28.7323 1
1.26467 -28.7143 1
1.24766 -28.696 1
1.23102 -28.6773 1
1.21478 -28.6583 1
1.19895 -28.639 1
1.18349 -28.6193 1
1.16845 -28.5994 1
1.15382 -28.5791 1
1.13962 -28.5585 1
1.1258 -28.5377 1
1.11244 -28.5166 1
1.09941 -28.4952 1
1.08671 -28.4737 1
1.07437 -28.4519 1
1.06237 -28.43 1
1.05076 -28.4079 1
1.03944 -28.3856 1
1.0285 -28.3631 1
1.01789 -28.3405 1
1.0078 -28.3176 1
0.997979 -28.2946 1
0.988401 -28.2715 1
0.979071 -28.2483 1
0.970034 -28.225 1
0.961372 -28.2016 1
0.952997 -28.178 1
0.944916 -28.1543 1
0.937104 -28.1306 1
0.929744 -28.1067 1
0.922571 -28.0828 1
0.915664 -28.0587 1
0.908941 -28.0346 1
0.902454 -28.0105 1
0.896234 -27.9863 1
0.890405 -27.962 1
0.884767 -27.9376 1
0.879323 -27.9132 1
0.874119 -27.8888 1
0.869251 -27.8642 1
0.864608 -27.8397 1
0.860301 -27.8151 1
0.856205 -27.7904 1
0.852407 -27.7657 1
0.848803 -27.7409 1
0.845442 -27.7162 1
0.842267 -27.6914 1
0.839306 -27.6665 1
0.836495 -27.6417 1
0.833905 -27.6168 1
0.831429 -27.592 1
0.829139 -27.5671 1
0.826924 -27.5422 1
0.82485 -27.5173 1
0.822816 -27.4923 1
0.82088 -27.4674 1
0.818952 -27.4425 1
0.81708 -27.4176 1
0.815185 -27.3926 1
0.813303 -27.3677 1
0.811365 -27.3428 1
0.8094 -27.3179 1
0.807347 -27.2929 1
0.805222 -27.268 1
0.802974 -27.2431 1
0.800611 -27.2182 1
0.798084 -27.1934 1
0.795395 -27.1685 1
0.792498 -27.1437 1
0.789428 -27.1189 1
0.786344 -27.0941 1
0.78326 -27.0693 1
0.780163 -27.0444 1
0.777054 -27.0196 1
0.773945 -26.9948 1
0.770827 -26.97 1
0.767709 -26.9452 1
0.764585 -26.9204 1
0.761462 -26.8956 1
0.758334 -26.8708 1
0.755209 -26.846 1
0.752082 -26.8212 1
0.74896 -26.7964 1
0.745837 -26.7716 1
0.742721 -26.7468 1
0.739605 -26.722 1
0.73649 -26.6972 1
0.733372 -26.6724 1
0.730256 -26.6476 1
0.727137 -26.6228 1
0.72402 -26.598 1
0.720902 -26.5732 1
0.717786 -26.5484 1
0.714668 -26.5235 1
0.711548 -26.4987 1
0.708432 -26.4739 1
0.705321 -26.4491 1
0.702218 -26.4243 1
0.699121 -26.3995 1
0.696033 -26.3747 1
0.69296 -26.3499 1
0.689888 -26.3251 1
0.686825 -26.3003 1
0.683765 -26.2755 1
0.680713 -26.2507 1
0.677663 -26.2258 1
0.674619 -26.201 1
0.671578 -26.1762 1
0.668544 -26.1514 1
0.665512 -26.1266 1
0.662486 -26.1018 1
0.659462 -26.0769 1
0.656445 -26.0521 1
0.65343 -26.0273 1
0.650421 -26.0025 1
0.647415 -25.9777 1
0.644414 -25.9529 1
0.641417 -25.928 1
0.638427 -25.9032 1
0.635439 -25.8784 1
0.632456 -25.8536 1
0.629475 -25.8288 1
0.626498 -25.8039 1
0.623524 -25.7791 1
0.620554 -25.7543 1
0.617589 -25.7295 1
0.614628 -25.7046 1
0.611673 -25.6798 1
0.608727 -25.655 1
0.605784 -25.6302 1
0.602849 -25.6053 1
0.599917 -25.5805 1
0.596993 -25.5557 1
0.594072 -25.5308 1
0.591158 -25.506 1
0.588248 -25.4812 1
0.585343 -25.4564 1
0.582442 -25.4315 1
0.579548 -25.4067 1
0.576657 -25.3819 1
0.573771 -25.357 1
0.570889 -25.3322 1
0.568012 -25.3074 1
0.56514 -25.2825 1
0.562274 -25.2577 1
0.559414 -25.2329 1
0.556563 -25.208 1
0.553717 -25.1832 1
0.550878 -25.1583 1
0.548044 -25.1335 1
0.545216 -25.1087 1
0.542394 -25.0838 1
0.539576 -25.059 1
0.536764 -25.0341 1
0.533959 -25.0093 1
0.531159 -24.9845 1
0.528367 -24.9596 1
0.525579 -24.9348 1
0.522796 -24.9099 1
0.520018 -24.8851 1
0.517245 -24.8602 1
0.514478 -24.8354 1
0.511716 -24.8105 1
0.508961 -24.7857 1
0.506214 -24.7608 1
0.503473 -24.736 1
0.500739 -24.7111 1
0.49801 -24.6863 1
0.495288 -24.6614 1
0.49257 -24.6366 1
0.489859 -24.6117 1
0.487154 -24.5869 1
0.484455 -24.562 1
0.481762 -24.5372 1
0.479077 -24.5123 1
0.476396 -24.4875 1
0.473721 -24.4626 1
0.471051 -24.4378 1
0.468388 -24.4129 1
0.465729 -24.388 1
0.463076 -24.3632 1
0.460427 -24.3383 1
0.457785 -24.3135 1
0.455146 -24.2886 1
0.452513 -24.2637 1
0.449885 -24.2389 1
0.447262 -24.214 1
0.444644 -24.1892 1
0.44203 -24.1643 1
0.439421 -24.1394 1
0.436818 -24.1146 1
0.434219 -24.0897 1
0.431626 -24.0648 1
0.429038 -24.04 1
0.426455 -24.0151 1
0.423876 -23.9902 1
0.421302 -23.9654 1
0.418732 -23.9405 1
0.416168 -23.9156 1
0.413608 -23.8908 1
0.411053 -23.8659 1
0.408502 -23.841 1
0.405956 -23.8162 1
0.403414 -23.7913 1
0.400878 -23.7664 1
0.398346 -23.7415 1
0.395818 -23.7167 1
0.393294 -23.6918 1
0.390776 -23.6669 1
0.388262 -23.6421 1
0.385753 -23.6172 1
0.383248 -23.5923 1
0.38075 -23.5674 1
0.378255 -23.5426 1
0.375764 -23.5177 1
0.373278 -23.4928 1
0.370796 -23.4679 1
0.368318 -23.443 1
0.365846 -23.4182 1
0.363378 -23.3933 1
0.360915 -23.3684 1
0.358456 -23.3435 1
0.356001 -23.3187 1
0.35355 -23.2938 1
0.351105 -23.2689 1
0.348664 -23.244 1
0.346229 -23.2191 1
0.343798 -23.1943 1
0.343655 -23.1693 1
0.342395 -23.1443 1
0.34 -23.1194 1
0.29 -23.0694 1
0.289793 -23.024 1
0.289698 -22.999 1
0.28957 -22.974 1
0.289412 -22.949 1
0.289214 -22.924 1
0.288977 -22.899 1
0.28869 -22.874 1
0.288355 -22.849 1
0.287962 -22.824 1
0.287514 -22.799 1
0.286998 -22.774 1
0.286421 -22.749 1
0.285768 -22.724 1
0.285047 -22.6991 1
0.284244 -22.6741 1
0.283367 -22.6491 1
0.282402 -22.6241 1
0.281358 -22.5991 1
0.280222 -22.5741 1
0.279001 -22.5492 1
0.277683 -22.5242 1
0.276278 -22.4993 1
0.274771 -22.4743 1
0.273174 -22.4493 1
0.271473 -22.4244 1
0.269678 -22.3995 1
0.267775 -22.3745 1
0.265777 -22.3496 1
0.263669 -22.3247 1
0.261462 -22.2998 1
0.259143 -22.2749 1
0.256724 -22.25 1
0.254191 -22.2252 1
0.251555 -22.2003 1
0.248802 -22.1755 1
0.245945 -22.1506 1
0.242969 -22.1258 1
0.239891 -22.101 1
0.236795 -22.0762 1
0.233695 -22.0514 1
0.23058 -22.0266 1
0.227462 -22.0018 1
0.224331 -21.977 1
0.221199 -21.9522 1
0.218055 -21.9274 1
0.214912 -21.9026 1
0.211761 -21.8778 1
0.208612 -21.853 1
0.205457 -21.8282 1
0.202306 -21.8034 1
0.199151 -21.7786 1
0.196003 -21.7538 1
0.192853 -21.729 1
0.18971 -21.7041 1
0.186561 -21.6793 1
0.183414 -21.6545 1
0.180261 -21.6297 1
0.177111 -21.6049 1
0.173956 -21.5801 1
0.170804 -21.5553 1
0.167648 -21.5305 1
0.164496 -21.5057 1
0.161342 -21.4809 1
0.158191 -21.4561 1
0.15504 -21.4313 1
0.151894 -21.4065 1
0.148748 -21.3817 1
0.145608 -21.3569 1
0.142469 -21.3321 1
0.139336 -21.3073 1
0.136202 -21.2825 1
0.133071 -21.2577 1
0.129938 -21.2329 1
0.126809 -21.2081 1
0.123679 -21.1833 1
0.120553 -21.1585 1
0.117426 -21.1337 1
0.114304 -21.1089 1
0.111182 -21.0841 1
0.108065 -21.0593 1
0.104949 -21.0345 1
0.101838 -21.0097 1
0.098729 -20.9849 1
0.0956259 -20.9601 1
0.0925248 -20.9353 1
0.0894299 -20.9105 1
0.0863347 -20.8857 1
0.0832438 -20.8608 1
0.080153 -20.836 1
0.0770665 -20.8112 1
0.0739804 -20.7864 1
0.0708989 -20.7616 1
0.0678181 -20.7368 1
0.0647424 -20.712 1
0.0616675 -20.6872 1
0.058598 -20.6624 1
0.05553 -20.6376 1
0.0524674 -20.6127 1
0.0494069 -20.5879 1
0.0463521 -20.5631 1
0.0432997 -20.5383 1
0.0402537 -20.5135 1
0.0372086 -20.4887 1
0.0341679 -20.4639 1
0.0311282 -20.4391 1
0.028093 -20.4142 1
0.025059 -20.3894 1
0.0220296 -20.3646 1
0.0190018 -20.3398 1
0.0159785 -20.315 1
0.0129573 -20.2902 1
0.00994079 -20.2653 1
0.00692642 -20.2405 1
0.00391738 -20.2157 1
0.000910639 -20.1909 1
-0.00209076 -20.1661 1
-0.00508931 -20.1412 1
-0.00808251 -20.1164 1
-0.0110729 -20.0916 1
-0.0140592 -20.0668 1
-0.0170436 -20.042 1
-0.0200238 -20.0171 1
-0.0230024 -19.9923 1
-0.0259763 -19.9675 1
-0.0289481 -19.9427 1
-0.0319154 -19.9178 1
-0.0348806 -19.893 1
-0.0378408 -19.8682 1
-0.0407987 -19.8434 1
-0.0437516 -19.8186 1
-0.0467017 -19.7937 1
-0.0496469 -19.7689 1
-0.052589 -19.7441 1
-0.0555261 -19.7192 1
-0.0584596 -19.6944 1
-0.06139 -19.6696 1
-0.0643163 -19.6448 1
-0.0672397 -19.6199 1
-0.0701593 -19.5951 1
-0.0730754 -19.5703 1
-0.0759874 -19.5454 1
-0.0788957 -19.5206 1
-0.0817998 -19.4958 1
-0.0846999 -19.471 1
-0.0875961 -19.4461 1
-0.0904872 -19.4213 1
-0.0933738 -19.3965 1
-0.096255 -19.3716 1
-0.0991311 -19.3468 1
-0.102001 -19.322 1
-0.104866 -19.2971 1
-0.107725 -19.2723 1
-0.110579 -19.2474 1
-0.113427 -19.2226 1
-0.116271 -19.1978 1
-0.119108 -19.1729 1
-0.12194 -19.1481 1
-0.124764 -19.1233 1
-0.127581 -19.0984 1
-0.13039 -19.0736 1
-0.133189 -19.0487 1
-0.13598 -19.0239 1
-0.13877 -18.999 1
-0.141548 -18.9742 1
-0.144319 -18.9494 1
-0.147075 -18.9245 1
-0.149823 -18.8997 1
-0.152558 -18.8748 1
-0.155278 -18.85 1
-0.157993 -18.8251 1
-0.160699 -18.8003 1
-0.163395 -18.7754 1
-0.166093 -18.7505 1
-0.16877 -18.7257 1
-0.171437 -18.7008 1
-0.174078 -18.676 1
-0.176703 -18.6511 1
-0.179301 -18.6262 1
-0.181858 -18.6014 1
-0.184406 -18.5765 1
-0.186945 -18.5516 1
-0.189477 -18.5268 1
-0.192002 -18.5019 1
-0.194521 -18.477 1
-0.197085 -18.4521 1
-0.199601 -18.4273 1
-0.202089 -18.4024 1
-0.204543 -18.3775 1
-0.206979 -18.3526 1
-0.209395 -18.3278 1
-0.211747 -18.3029 1
-0.21409 -18.278 1
-0.216421 -18.2531 1
-0.218744 -18.2282 1
-0.221058 -18.2033 1
-0.223365 -18.1784 1
-0.225784 -18.1535 1
-0.228107 -18.1286 1
-0.230345 -18.1037 1
-0.232505 -18.0788 1
-0.234592 -18.0539 1
-0.236615 -18.029 1
-0.238634 -18.0041 1
-0.240558 -17.9792 1
-0.242401 -17.9542 1
-0.244183 -17.9293 1
-0.245905 -17.9043 1
-0.247605 -17.8794 1
-0.249285 -17.8545 1
-0.250978 -17.8295 1
-0.25269 -17.8046 1
-0.254448 -17.7796 1
-0.256434 -17.7547 1
-0.25839 -17.7298 1
-0.260308 -17.7049 1
-0.262196 -17.6799 1
-0.26404 -17.655 1
-0.265877 -17.6301 1
-0.267938 -17.6052 1
-0.269891 -17.5802 1
-0.271682 -17.5553 1
-0.273391 -17.5304 1
-0.275077 -17.5054 1
-0.276672 -17.4805 1
-0.278106 -17.4555 1
-0.279467 -17.4305 1
-0.280728 -17.4056 1
-0.281921 -17.3806 1
-0.283232 -17.3556 1
-0.284351 -17.3307 1
-0.285236 -17.3057 1
-0.285899 -17.2807 1
-0.28631 -17.2557 1
-0.286457 -17.2307 1
-0.286311 -17.2057 1
-0.285856 -17.1807 1
-0.284986 -17.1557 1
-0.283806 -17.1307 1
-0.281537 -17.1058 1
-0.279349 -17.0809 1
-0.277362 -17.056 1
-0.275317 -17.0311 1
-0.273249 -17.0062 1
-0.271048 -16.9813 1
-0.268725 -16.9564 1
-0.266197 -16.9315 1
-0.259158 -16.9075 1
-0.252107 -16.8835 1
-0.245043 -16.8596 1
-0.237837 -16.8356 1
-0.230414 -16.8118 1
-0.222789 -16.7879 1
-0.214828 -16.7642 1
-0.206878 -16.7405 1
-0.198405 -16.717 1
-0.189597 -16.6936 1
-0.180436 -16.6704 1
-0.170848 -16.6473 1
-0.160914 -16.6243 1
-0.150976 -16.6014 1
-0.140547 -16.5787 1
-0.129485 -16.5563 1
-0.118018 -16.534 1
-0.106237 -16.512 1
-0.093988 -16.4902 1
-0.081167 -16.4687 1
-0.0679069 -16.4475 1
-0.0544568 -16.4265 1
-0.0403985 -16.4058 1
-0.0258216 -16.3855 1
-0.010708 -16.3656 1
0.00452468 -16.3457 1
0.0203482 -16.3264 1
0.0367129 -16.3075 1
0.0532937 -16.2888 1
0.0704236 -16.2706 1
0.0879218 -16.2527 1
0.105858 -16.2353 1
0.124113 -16.2182 1
0.142824 -16.2016 1
0.162051 -16.1857 1
0.18176 -16.1703 1
0.201761 -16.1553 1
0.222218 -16.1409 1
0.242902 -16.1269 1
0.264186 -16.1138 1
0.285818 -16.1012 1
0.307827 -16.0894 1
0.330124 -16.0781 1
0.352605 -16.0671 1
0.37529 -16.0566 1
0.398133 -16.0465 1
0.421201 -16.0368 1
0.444636 -16.0281 1
0.468064 -16.0194 1
0.491872 -16.0118 1
0.515821 -16.0046 1
0.539905 -15.9979 1
0.56415 -15.9918 1
0.588485 -15.9861 1
0.612928 -15.9808 1
0.637439 -15.9759 1
0.662029 -15.9714 1
0.686672 -15.9672 1
0.711377 -15.9633 1
0.736127 -15.9598 1
0.760927 -15.9567 1
0.785763 -15.9538 1
0.810639 -15.9513 1
0.835544 -15.9491 1
0.860483 -15.9474 1
0.885441 -15.9459 1
0.910419 -15.9449 1
0.935407 -15.9441 1
0.960402 -15.9436 1
0.985401 -15.9434 1
1.0104 -15.9436 1
1.0354 -15.944 1
1.06038 -15.9449 1
1.08536 -15.9459 1
1.11033 -15.9471 1
1.13529 -15.9486 1
1.16023 -15.9503 1
1.18515 -15.9523 1
1.21006 -15.9544 1
1.23495 -15.9567 1
1.25983 -15.9592 1
1.28468 -15.9619 1
1.3095 -15.9649 1
1.3343 -15.9681 1
1.35907 -15.9714 1
1.38384 -15.9749 1
1.40859 -15.9784 1
1.43333 -15.9819 1
1.45807 -15.9856 1
1.4828 -15.9892 1
1.50752 -15.9929 1
1.53224 -15.9967 1
1.55695 -16.0005 1
1.58166 -16.0043 1
1.60637 -16.0081 1
1.63107 -16.012 1
1.65577 -16.0158 1
1.68046 -16.0197 1
1.7051 -16.024 1
1.72967 -16.0286 1
1.75416 -16.0336 1
1.77856 -16.0391 1
1.80283 -16.045 1
1.82696 -16.0516 1
1.85092 -16.0587 1
1.87467 -16.0665 1
1.8983 -16.0747 1
1.92187 -16.083 1
1.94539 -16.0915 1
1.96887 -16.1001 1
1.9923 -16.1088 1
2.0157 -16.1176 1
2.03924 -16.126 1
2.06295 -16.1339 1
2.08684 -16.1413 1
2.11091 -16.1481 1
2.13513 -16.1543 1
2.15949 -16.1599 1
2.18398 -16.1649 1
2.20857 -16.1694 1
2.23308 -16.1744 1
2.25747 -16.1798 1
2.28169 -16.186 1
2.30548 -16.1937 1
2.32903 -16.2021 1
2.35278 -16.2099 1
2.37623 -16.2186 1
2.39951 -16.2277 1
2.42265 -16.2372 1
2.44568 -16.2469 1
2.46862 -16.2568 1
2.49149 -16.2669 1
2.51445 -16.2768 1
2.53759 -16.2863 1
2.56096 -16.2952 1
2.58453 -16.3035 1
2.60834 -16.3111 1
2.63234 -16.3181 1
2.65635 -16.3251 1
2.68027 -16.3323 1
2.70405 -16.34 1
2.72764 -16.3483 1
2.75094 -16.3574 1
2.77387 -16.3673 1
2.79667 -16.3776 1
2.81942 -16.388 1
2.84215 -16.3984 1
2.86486 -16.4088 1
2.88756 -16.4193 1
2.91065 -16.4289 1
2.93385 -16.4382 1
2.95742 -16.4465 1
2.98113 -16.4545 1
3.00448 -16.4634 1
3.02806 -16.4717 1
3.05165 -16.48 1
3.07528 -16.4881 1
3.09894 -16.4962 1
3.12262 -16.5042 1
3.14631 -16.5122 1
3.16998 -16.5203 1
3.19364 -16.5283 1
3.21728 -16.5365 1
3.24103 -16.5443 1
3.26473 -16.5522 1
3.28834 -16.5604 1
3.31181 -16.5691 1
3.3352 -16.5779 1
3.35854 -16.5868 1
3.38185 -16.5959 1
3.40516 -16.6049 1
3.42846 -16.614 1
3.45181 -16.6229 1
3.47526 -16.6316 1
3.49885 -16.6399 1
3.52258 -16.6477 1
3.5465 -16.655 1
3.57058 -16.6617 1
3.59482 -16.6678 1
3.6191 -16.6738 1
3.64338 -16.6797 1
3.66764 -16.6858 1
3.6919 -16.6918 1
3.71614 -16.6979 1
3.74052 -16.7034 1
3.7648 -16.7094 1
3.78901 -16.7157 1
3.8132 -16.722 1
3.83733 -16.7285 1
3.86137 -16.7354 1
3.88528 -16.7427 1
3.90902 -16.7505 1
3.93254 -16.759 1
3.95576 -16.7683 1
3.97894 -16.7776 1
4.00213 -16.787 1
4.02533 -16.7963 1
4.04856 -16.8055 1
4.07181 -16.8147 1
4.09518 -16.8236 1
4.11878 -16.8318 1
4.14259 -16.8394 1
4.1666 -16.8464 1
4.1908 -16.8527 1
4.21515 -16.8583 1
4.23964 -16.8634 1
4.26424 -16.8678 1
4.28884 -16.8723 1
4.31354 -16.8761 1
4.33799 -16.8814 1
4.36206 -16.8881 1
4.38584 -16.8958 1
4.4093 -16.9045 1
4.4325 -16.9138 1
4.45556 -16.9234 1
4.47864 -16.933 1
4.50175 -16.9426 1
4.52487 -16.9521 1
4.5482 -16.9611 1
4.57149 -16.9702 1
4.59493 -16.9789 1
4.61869 -16.9866 1
4.64224 -16.995 1
4.66613 -17.0024 1
4.69028 -17.0088 1
4.71459 -17.0147 1
4.739 -17.0201 1
4.76345 -17.0253 1
4.78793 -17.0304 1
4.81243 -17.0354 1
4.83694 -17.0403 1
4.86159 -17.0445 1
4.88612 -17.0492 1
4.91047 -17.0549 1
4.93485 -17.0605 1
4.95923 -17.066 1
4.98358 -17.0717 1
5.00781 -17.0778 1
5.03197 -17.0842 1
5.05615 -17.0906 1
5.08024 -17.0973 1
5.10428 -17.1041 1
5.12833 -17.1109 1
5.15245 -17.1175 1
5.17651 -17.1243 1
5.20045 -17.1315 1
5.22419 -17.1394 1
5.24765 -17.148 1
5.27072 -17.1576 1
5.29247 -17.17 1
5.31477 -17.1813 1
5.33737 -17.1919 1
5.35971 -17.2032 1
5.38212 -17.2143 1
5.40498 -17.2244 1
5.42819 -17.2337 1
5.45184 -17.2418 1
5.47562 -17.2495 1
5.49968 -17.2563 1
5.52381 -17.2628 1
5.54784 -17.2697 1
5.57189 -17.2765 1
5.59588 -17.2836 1
5.61991 -17.2905 1
5.64401 -17.2971 1
5.66817 -17.3035 1
5.69239 -17.3097 1
5.7167 -17.3156 1
5.74105 -17.3212 1
5.76531 -17.3273 1
5.78945 -17.3338 1
5.81342 -17.3409 1
5.83718 -17.3487 1
5.86061 -17.3574 1
5.88366 -17.367 1
5.90666 -17.3769 1
5.92974 -17.3865 1
5.95285 -17.396 1
5.97605 -17.4053 1
5.9993 -17.4145 1
6.02274 -17.4232 1
6.04646 -17.4311 1
6.07048 -17.438 1
6.09472 -17.4441 1
6.11914 -17.4495 1
6.14367 -17.4543 1
6.16833 -17.4584 1
6.19308 -17.462 1
6.2179 -17.4649 1
6.24276 -17.4675 1
6.26767 -17.4697 1
6.29256 -17.4721 1
6.31745 -17.4744 1
6.34235 -17.4766 1
6.36725 -17.4788 1
6.39215 -17.4811 1
6.41705 -17.4833 1
6.44194 -17.4856 1
6.46684 -17.4879 1
6.49171 -17.4905 1
6.51659 -17.4929 1
6.54146 -17.4955 1
6.56633 -17.498 1
6.59122 -17.5003 1
6.61612 -17.5025 1
6.64101 -17.5049 1
6.6659 -17.5072 1
6.6908 -17.5094 1
6.71572 -17.5115 1
6.74067 -17.513 1
6.76563 -17.5144 1
6.79061 -17.5155 1
6.81559 -17.5166 1
6.84057 -17.5175 1
6.86556 -17.5183 1
6.89053 -17.5194 1
6.91552 -17.5201 1
6.94052 -17.5205 1
6.96552 -17.5203 1
6.98985 -17.5145 1
7.01404 -17.5082 1
7.03807 -17.5013 1
7.06198 -17.494 1
7.08566 -17.486 1
7.10911 -17.4773 1
7.13279 -17.4693 1
7.15635 -17.461 1
7.17974 -17.4521 1
7.20296 -17.4429 1
7.22594 -17.433 1
7.24866 -17.4226 1
7.27119 -17.4118 1
7.29356 -17.4006 1
7.31562 -17.3888 1
7.33736 -17.3765 1
7.35908 -17.3641 1
7.38043 -17.3511 1
7.40143 -17.3376 1
7.42212 -17.3235 1
7.44263 -17.3092 1
7.46284 -17.2945 1
7.48275 -17.2794 1
7.50237 -17.2639 1
7.52176 -17.2481 1
7.54094 -17.2321 1
7.55961 -17.2155 1
7.57816 -17.1987 1
7.59669 -17.1819 1
7.61463 -17.1645 1
7.6325 -17.147 1
7.65037 -17.1295 1
7.66765 -17.1115 1
7.68488 -17.0934 1
7.70207 -17.0752 1
7.71871 -17.0565 1
7.73531 -17.0378 1
7.75137 -17.0187 1
7.76738 -16.9995 1
7.78329 -16.9802 1
7.79896 -16.9607 1
7.81446 -16.9411 1
7.82978 -16.9214 1
7.8449 -16.9015 1
7.85982 -16.8814 1
7.87432 -16.861 1
7.88869 -16.8406 1
7.90295 -16.82 1
7.91698 -16.7993 1
7.9308 -16.7785 1
7.94452 -16.7576 1
7.95798 -16.7365 1
7.97098 -16.7152 1
7.98383 -16.6937 1
7.99667 -16.6723 1
8.00925 -16.6507 1
8.02155 -16.6289 1
8.03355 -16.607 1
8.04549 -16.585 1
8.0572 -16.5629 1
8.06861 -16.5407 1
8.07965 -16.5183 1
8.09074 -16.4959 1
8.10152 -16.4733 1
8.11203 -16.4506 1
8.12221 -16.4278 1
8.13202 -16.4048 1
8.1419 -16.3818 1
8.15151 -16.3587 1
8.16073 -16.3355 1
8.16948 -16.3121 1
8.17793 -16.2886 1
8.18586 -16.2649 1
8.19397 -16.2412 1
8.20159 -16.2174 1
8.20886 -16.1935 1
8.21578 -16.1695 1
8.22228 -16.1453 1
8.22849 -16.1211 1
8.23425 -16.0968 1
8.23977 -16.0724 1
8.24499 -16.0479 1
8.2499 -16.0234 1
8.25441 -15.9988 1
8.25858 -15.9742 1
8.26236 -15.9495 1
8.26576 -15.9247 1
8.2686 -15.8999 1
8.2711 -15.875 1
8.27325 -15.8501 1
8.27506 -15.8251 1
8.27651 -15.8002 1
8.27764 -15.7752 1
8.2783 -15.7502 1
8.27871 -15.7252 1
8.27889 -15.7002 1
8.27879 -15.6752 1
8.2783 -15.6502 1
8.2776 -15.6252 1
8.27665 -15.6003 1
8.27551 -15.5753 1
8.2741 -15.5503 1
8.27249 -15.5254 1
8.27056 -15.5005 1
8.26849 -15.4755 1
8.26616 -15.4506 1
8.26371 -15.4258 1
8.26111 -15.4009 1
8.25836 -15.3761 1
8.25546 -15.3512 1
8.25237 -15.3264 1
8.24899 -15.3016 1
8.24548 -15.2769 1
8.24189 -15.2522 1
8.23818 -15.2274 1
8.23438 -15.2027 1
8.23048 -15.178 1
8.22644 -15.1534 1
8.22229 -15.1287 1
8.21809 -15.1041 1
8.21381 -15.0794 1
8.20949 -15.0548 1
8.20511 -15.0302 1
8.2007 -15.0056 1
8.19624 -14.981 1
8.19177 -14.9564 1
8.18723 -14.9318 1
8.18262 -14.9072 1
8.17793 -14.8827 1
8.17319 -14.8581 1
8.16837 -14.8336 1
8.16353 -14.8091 1
8.15863 -14.7846 1
8.1537 -14.76 1
8.14873 -14.7355 1
8.14374 -14.711 1
8.13871 -14.6866 1
8.13363 -14.6621 1
8.12848 -14.6376 1
8.1233 -14.6132 1
8.11807 -14.5887 1
8.11281 -14.5643 1
8.1075 -14.5398 1
8.10218 -14.5154 1
8.09682 -14.491 1
8.09145 -14.4666 1
8.08602 -14.4422 1
8.08056 -14.4178 1
8.07504 -14.3934 1
8.06949 -14.369 1
8.0639 -14.3447 1
8.05826 -14.3203 1
8.05261 -14.2959 1
8.04693 -14.2716 1
8.04123 -14.2473 1
8.03549 -14.2229 1
8.02971 -14.1986 1
8.02389 -14.1743 1
8.01804 -14.15 1
8.01216 -14.1257 1
8.00626 -14.1014 1
8.00033 -14.0771 1
7.99438 -14.0528 1
7.98841 -14.0285 1
7.9824 -14.0043 1
7.97636 -13.98 1
7.9703 -13.9558 1
7.9642 -13.9315 1
7.95809 -13.9073 1
7.95195 -13.883 1
7.94579 -13.8588 1
7.93961 -13.8346 1
7.93341 -13.8104 1
7.92717 -13.7862 1
7.92091 -13.762 1
7.91461 -13.7378 1
7.9083 -13.7136 1
7.90197 -13.6894 1
7.89562 -13.6652 1
7.88925 -13.641 1
7.88285 -13.6169 1
7.87642 -13.5927 1
7.86997 -13.5686 1
7.86349 -13.5444 1
7.85699 -13.5203 1
7.85047 -13.4961 1
7.84393 -13.472 1
7.83738 -13.4479 1
7.83079 -13.4238 1
7.82418 -13.3997 1
7.81755 -13.3755 1
7.8109 -13.3514 1
7.80423 -13.3274 1
7.79754 -13.3033 1
7.79084 -13.2792 1
7.78412 -13.2551 1
7.77737 -13.231 1
7.7706 -13.207 1
7.76381 -13.1829 1
7.75701 -13.1588 1
7.75018 -13.1348 1
7.74335 -13.1107 1
7.73649 -13.0867 1
7.72961 -13.0627 1
7.72271 -13.0386 1
7.71579 -13.0146 1
7.70885 -12.9906 1
7.7019 -12.9666 1
7.69492 -12.9426 1
7.68794 -12.9186 1
7.68093 -12.8946 1
7.67389 -12.8706 1
7.66684 -12.8466 1
7.65976 -12.8226 1
7.65267 -12.7987 1
7.64556 -12.7747 1
7.63844 -12.7507 1
7.6313 -12.7268 1
7.62413 -12.7028 1
7.61694 -12.6789 1
7.60973 -12.6549 1
7.60251 -12.631 1
7.59527 -12.6071 1
7.58801 -12.5831 1
7.58074 -12.5592 1
7.57343 -12.5353 1
7.56611 -12.5114 1
7.55877 -12.4875 1
7.55142 -12.4636 1
7.54405 -12.4397 1
7.53666 -12.4159 1
7.52924 -12.392 1
7.52181 -12.3681 1
7.51436 -12.3442 1
7.50688 -12.3204 1
7.49939 -12.2965 1
7.49188 -12.2727 1
7.48435 -12.2489 1
7.4768 -12.225 1
7.46922 -12.2012 1
7.46162 -12.1774 1
7.45402 -12.1536 1
7.44639 -12.1298 1
7.43875 -12.106 1
7.43107 -12.0822 1
7.42338 -12.0584 1
7.41566 -12.0346 1
7.40793 -12.0108 1
7.40018 -11.9871 1
7.39242 -11.9633 1
7.38462 -11.9395 1
7.37681 -11.9158 1
7.36896 -11.892 1
7.3611 -11.8683 1
7.35321 -11.8446 1
7.34531 -11.8209 1
7.33738 -11.7972 1
7.32942 -11.7735 1
7.32144 -11.7498 1
7.31343 -11.7261 1
7.3054 -11.7024 1
7.29735 -11.6787 1
7.28929 -11.6551 1
7.28119 -11.6314 1
7.27306 -11.6078 1
7.2649 -11.5842 1
7.25672 -11.5605 1
7.24851 -11.5369 1
7.2403 -11.5133 1
7.23204 -11.4897 1
7.22375 -11.4661 1
7.21542 -11.4426 1
7.20708 -11.419 1
7.1987 -11.3954 1
7.19031 -11.3719 1
7.18187 -11.3484 1
7.1734 -11.3248 1
7.16489 -11.3013 1
7.15636 -11.2778 1
7.14781 -11.2543 1
7.13923 -11.2308 1
7.13061 -11.2074 1
7.12194 -11.1839 1
7.11325 -11.1605 1
7.10451 -11.1371 1
7.09576 -11.1137 1
7.08697 -11.0903 1
7.07813 -11.0669 1
7.06924 -11.0435 1
7.0603 -11.0202 1
7.05134 -10.9968 1
7.04235 -10.9735 1
7.0333 -10.9502 1
7.02418 -10.9269 1
7.01501 -10.9036 1
7.0058 -10.8804 1
6.99656 -10.8572 1
6.98726 -10.834 1
6.9779 -10.8108 1
6.96844 -10.7876 1
6.95896 -10.7645 1
6.94941 -10.7414 1
6.93986 -10.7183 1
6.93018 -10.6953 1
6.9204 -10.6722 1
6.91057 -10.6493 1
6.90068 -10.6263 1
6.89076 -10.6034 1
6.88071 -10.5805 1
6.87059 -10.5576 1
6.86036 -10.5348 1
6.85011 -10.512 1
6.83978 -10.4892 1
6.82928 -10.4665 1
6.81859 -10.4439 1
6.80776 -10.4214 1
6.79687 -10.3989 1
6.78584 -10.3765 1
6.77464 -10.3541 1
6.76323 -10.3319 1
6.75177 -10.3097 1
6.74017 -10.2875 1
6.72842 -10.2654 1
6.71645 -10.2435 1
6.7043 -10.2216 1
6.69212 -10.1998 1
6.67972 -10.1781 1
6.66716 -10.1565 1
6.6544 -10.135 1
6.64162 -10.1135 1
6.6286 -10.0922 1
6.61535 -10.071 1
6.60194 -10.0499 1
6.58834 -10.0289 1
6.57463 -10.008 1
6.56067 -9.98724 1
6.54653 -9.96662 1
6.53215 -9.94617 1
6.51752 -9.9259 1
6.50275 -9.90573 1
6.48772 -9.88575 1
6.47244 -9.86596 1
6.45688 -9.8464 1
6.44106 -9.82703 1
6.42495 -9.80792 1
6.40858 -9.78903 1
6.39198 -9.77034 1
6.37514 -9.75186 1
6.35806 -9.7336 1
6.34081 -9.7155 1
6.3233 -9.69766 1
6.30555 -9.68005 1
6.28763 -9.66262 1
6.26948 -9.64543 1
6.25113 -9.62845 1
6.23271 -9.61155 1
6.21405 -9.59491 1
6.1952 -9.57849 1
6.17635 -9.56207 1
6.15723 -9.54596 1
6.1379 -9.53011 1
6.11854 -9.51429 1
6.09892 -9.49879 1
6.07912 -9.48354 1
6.05925 -9.46837 1
6.03913 -9.45353 1
6.01885 -9.4389 1
5.99844 -9.42447 1
5.9779 -9.41022 1
5.95711 -9.39633 1
5.93607 -9.38282 1
5.91466 -9.36992 1
5.89328 -9.35696 1
5.87167 -9.3444 1
5.84986 -9.33217 1
5.82787 -9.32027 1
5.80599 -9.30818 1
5.78388 -9.29652 1
5.7615 -9.28538 1
5.7389 -9.27468 1
5.71662 -9.26335 1
5.6942 -9.25228 1
5.67166 -9.24148 1
5.649 -9.23092 1
5.62626 -9.22052 1
5.60373 -9.2097 1
5.58111 -9.19903 1
5.55844 -9.18851 1
5.53568 -9.17816 1
5.51304 -9.16755 1
5.49031 -9.15714 1
5.46751 -9.14688 1
5.44465 -9.13677 1
5.42175 -9.12674 1
5.39899 -9.1164 1
5.37618 -9.10616 1
5.35334 -9.096 1
5.33047 -9.0859 1
5.30758 -9.07586 1
5.28478 -9.06559 1
5.26196 -9.05538 1
5.23912 -9.04523 1
5.21623 -9.03516 1
5.19333 -9.02515 1
5.1705 -9.01495 1
5.14765 -9.00482 1
5.12477 -8.99473 1
5.10188 -8.98469 1
5.07897 -8.97467 1
5.05613 -8.9645 1
5.03327 -8.95438 1
5.0104 -8.94428 1
4.98752 -8.93421 1
4.96464 -8.92414 1
4.9418 -8.91397 1
4.91896 -8.90382 1
4.8961 -8.89369 1
4.87324 -8.88357 1
4.85038 -8.87346 1
4.82755 -8.86326 1
4.80472 -8.85307 1
4.78188 -8.8429 1
4.75904 -8.83274 1
4.7362 -8.82258 1
4.71339 -8.81235 1
4.69057 -8.80213 1
4.66766 -8.79213 1
4.64467 -8.78231 1
4.62167 -8.7725 1
4.59829 -8.76367 1
4.57474 -8.75528 1
4.55107 -8.74723 1
4.52732 -8.73941 1
4.50352 -8.73175 1
4.47969 -8.7242 1
4.45606 -8.71604 1
4.43239 -8.708 1
4.40868 -8.70007 1
4.38494 -8.69222 1
4.36119 -8.68442 1
4.33743 -8.67666 1
4.31377 -8.66857 1
4.29009 -8.66055 1
4.2664 -8.65257 1
4.24269 -8.64464 1
4.21899 -8.6367 1
4.19528 -8.62877 1
4.17164 -8.62064 1
4.14799 -8.61252 1
4.12443 -8.60415 1
4.10095 -8.59557 1
4.0775 -8.5869 1
4.05404 -8.57827 1
4.03053 -8.56977 1
4.00598 -8.56504 1
3.98135 -8.56075 1
3.95667 -8.5568 1
3.93194 -8.55313 1
3.90718 -8.54964 1
3.88241 -8.54629 1
3.85762 -8.54301 1
3.83284 -8.53976 1
3.80805 -8.53646 1
3.78329 -8.53307 1
3.75854 -8.52952 1
3.73383 -8.52575 1
3.71116 -8.5152 1
3.68846 -8.50471 1
3.66573 -8.49431 1
3.64297 -8.48398 1
3.62016 -8.47375 1
3.59958 -8.45955 1
3.57828 -8.44646 1
3.55626 -8.43463 1
3.53369 -8.42387 1
3.50949 -8.41759 1
3.48523 -8.41155 1
3.46091 -8.40579 1
3.43652 -8.40027 1
3.4121 -8.39494 1
3.38763 -8.38978 1
3.36315 -8.38475 1
3.33863 -8.37983 1
3.31411 -8.375 1
3.28956 -8.37025 1
3.26459 -8.36896 1
3.23962 -8.36787 1
3.21463 -8.36698 1
3.18964 -8.36631 1
3.16465 -8.36586 1
3.13965 -8.36567 1
3.11465 -8.36573 1
3.08965 -8.36608 1
3.06466 -8.36674 1
3.03968 -8.36774 1
3.01468 -8.36827 1
2.98968 -8.36826 1
2.96469 -8.36849 1
2.93969 -8.36896 1
2.91469 -8.36884 1
2.8897 -8.36808 1
2.86472 -8.36703 1
2.83976 -8.36566 1
2.81482 -8.36394 1
2.78991 -8.36183 1
2.76504 -8.35932 1
2.74021 -8.35639 1
2.71543 -8.35305 1
2.69072 -8.34929 1
2.66607 -8.34512 1
2.64149 -8.34053 1
2.617 -8.3355 1
2.59261 -8.33003 1
2.56832 -8.3241 1
2.54503 -8.31503 1
2.52129 -8.30717 1
2.49717 -8.30061 1
2.47288 -8.29468 1
2.44851 -8.28911 1
2.4241 -8.28373 1
2.39967 -8.27842 1
2.37803 -8.26589 1
2.35594 -8.2542 1
2.33348 -8.24321 1
2.31077 -8.23277 1
2.28785 -8.22279 1
2.2645 -8.21383 1
2.24118 -8.20484 1
2.21783 -8.1959 1
2.19446 -8.18703 1
2.17104 -8.17829 1
2.14756 -8.16969 1
2.12305 -8.16477 1
2.09861 -8.15951 1
2.07424 -8.15392 1
2.04995 -8.14801 1
2.02574 -8.14178 1
2.00161 -8.13522 1
1.97758 -8.12835 1
1.95461 -8.11847 1
1.93162 -8.10865 1
1.90861 -8.09889 1
1.88555 -8.08923 1
1.86244 -8.07969 1
1.83928 -8.07027 1
1.81511 -8.06389 1
1.79101 -8.05723 1
1.767 -8.05028 1
1.74307 -8.04303 1
1.71924 -8.03548 1
1.69551 -8.02761 1
1.6719 -8.0194 1
1.6484 -8.01086 1
1.62505 -8.00194 1
1.60185 -7.99261 1
1.57884 -7.98283 1
1.55604 -7.97258 1
1.53333 -7.96213 1
1.5109 -7.95109 1
1.48876 -7.93948 1
1.46686 -7.92743 1
1.44507 -7.91516 1
1.42355 -7.90245 1
1.40227 -7.88932 1
1.38126 -7.87578 1
1.36029 -7.86217 1
1.33962 -7.84811 1
1.31931 -7.83353 1
1.29916 -7.81873 1
1.27938 -7.80344 1
1.25998 -7.78767 1
1.24094 -7.77147 1
1.22207 -7.75507 1
1.20358 -7.73825 1
1.18546 -7.72102 1
1.16765 -7.70348 1
1.15023 -7.68554 1
1.1332 -7.66725 1
1.11661 -7.64854 1
1.10045 -7.62947 1
1.08469 -7.61006 1
1.06937 -7.5903 1
1.05449 -7.57021 1
1.04005 -7.5498 1
1.026 -7.52912 1
1.01242 -7.50814 1
0.999176 -7.48693 1
0.986298 -7.4655 1
0.973776 -7.44387 1
0.961607 -7.42203 1
0.94982 -7.39998 1
0.938349 -7.37777 1
0.927259 -7.35536 1
0.916502 -7.33279 1
0.906253 -7.30999 1
0.896268 -7.28707 1
0.886507 -7.26406 1
0.877028 -7.24092 1
0.867928 -7.21764 1
0.859116 -7.19424 1
0.850591 -7.17074 1
0.842403 -7.14712 1
0.834453 -7.12342 1
0.826801 -7.09962 1
0.819369 -7.07575 1
0.812206 -7.0518 1
0.805315 -7.02776 1
0.798801 -7.00363 1
0.792563 -6.97942 1
0.78653 -6.95516 1
0.78078 -6.93083 1
0.775418 -6.90641 1
0.770297 -6.88194 1
0.765493 -6.85741 1
0.760918 -6.83283 1
0.756667 -6.80819 1
0.752626 -6.78352 1
0.748871 -6.7588 1
0.745306 -6.73406 1
0.741976 -6.70928 1
0.738812 -6.68448 1
0.735826 -6.65966 1
0.732969 -6.63483 1
0.730305 -6.60997 1
0.727727 -6.5851 1
0.725292 -6.56022 1
0.722901 -6.53534 1
0.720604 -6.51044 1
0.71831 -6.48555 1
0.71606 -6.46065 1
0.713773 -6.43575 1
0.711479 -6.41086 1
0.709108 -6.38597 1
0.70668 -6.36109 1
0.70413 -6.33622 1
0.70147 -6.31136 1
0.698641 -6.28652 1
0.695645 -6.2617 1
0.692429 -6.23691 1
0.689054 -6.21214 1
0.68566 -6.18737 1
0.682267 -6.1626 1
0.678856 -6.13784 1
0.675445 -6.11307 1
0.672019 -6.08831 1
0.668593 -6.06354 1
0.665154 -6.03878 1
0.661716 -6.01402 1
0.658267 -5.98926 1
0.654821 -5.96449 1
0.651366 -5.93973 1
0.647916 -5.91497 1
0.64446 -5.89021 1
0.64101 -5.86545 1
0.637553 -5.84069 1
0.634101 -5.81593 1
0.63064 -5.79117 1
0.627184 -5.76641 1
0.62372 -5.74165 1
0.62026 -5.71689 1
0.616794 -5.69214 1
0.613332 -5.66738 1
0.609865 -5.64262 1
0.606403 -5.61786 1
0.602937 -5.5931 1
0.599477 -5.56834 1
0.596013 -5.54358 1
0.592556 -5.51882 1
0.589097 -5.49406 1
0.585642 -5.4693 1
0.582184 -5.44454 1
0.578724 -5.41978 1
0.575267 -5.39502 1
0.571809 -5.37026 1
0.568354 -5.3455 1
0.564898 -5.32075 1
0.561445 -5.29598 1
0.557992 -5.27122 1
0.554542 -5.24646 1
0.551093 -5.2217 1
0.547647 -5.19694 1
0.544203 -5.17218 1
0.540763 -5.14741 1
0.537324 -5.12265 1
0.533888 -5.09789 1
0.530452 -5.07313 1
0.527019 -5.04836 1
0.523586 -5.0236 1
0.520158 -4.99884 1
0.516729 -4.97407 1
0.513305 -4.94931 1
0.509881 -4.92454 1
0.506461 -4.89978 1
0.503042 -4.87501 1
0.499628 -4.85025 1
0.496214 -4.82548 1
0.492806 -4.80072 1
0.489398 -4.77595 1
0.485995 -4.75118 1
0.482592 -4.72642 1
0.479194 -4.70165 1
0.475796 -4.67688 1
0.472402 -4.65211 1
0.46901 -4.62734 1
0.465621 -4.60257 1
0.462233 -4.5778 1
0.45885 -4.55303 1
0.455468 -4.52826 1
0.45209 -4.50349 1
0.448714 -4.47872 1
0.445342 -4.45395 1
0.441972 -4.42918 1
0.438608 -4.40441 1
0.435244 -4.37963 1
0.431884 -4.35486 1
0.428525 -4.33009 1
0.425169 -4.30531 1
0.421815 -4.28054 1
0.418463 -4.25576 1
0.415114 -4.23099 1
0.411768 -4.20622 1
0.408425 -4.18144 1
0.405086 -4.15666 1
0.401749 -4.13189 1
0.398416 -4.10711 1
0.395085 -4.08233 1
0.391759 -4.05756 1
0.388435 -4.03278 1
0.385114 -4.008 1
0.381794 -3.98322 1
0.378479 -3.95844 1
0.375166 -3.93366 1
0.371857 -3.90888 1
0.368549 -3.8841 1
0.365246 -3.85932 1
0.361944 -3.83454 1
0.358646 -3.80976 1
0.355351 -3.78498 1
0.352059 -3.7602 1
0.348769 -3.73541 1
0.345483 -3.71063 1
0.3422 -3.68585 1
0.33892 -3.66106 1
0.335643 -3.63628 1
0.33237 -3.61149 1
0.329099 -3.58671 1
0.325831 -3.56192 1
0.322566 -3.53714 1
0.319304 -3.51235 1
0.316044 -3.48756 1
0.312787 -3.46278 1
0.309532 -3.43799 1
0.306282 -3.4132 1
0.303035 -3.38841 1
0.299791 -3.36362 1
0.296549 -3.33884 1
0.293313 -3.31405 1
0.290078 -3.28925 1
0.286847 -3.26446 1
0.283618 -3.23968 1
0.280392 -3.21488 1
0.277168 -3.19009 1
0.273949 -3.1653 1
0.270732 -3.14051 1
0.267519 -3.11572 1
0.264308 -3.09092 1
0.261101 -3.06613 1
0.257896 -3.04134 1
0.254694 -3.01654 1
0.251495 -2.99175 1
0.248299 -2.96695 1
0.245105 -2.94216 1
0.241915 -2.91736 1
0.238727 -2.89257 1
0.235543 -2.86777 1
0.232361 -2.84297 1
0.229182 -2.81818 1
0.226005 -2.79338 1
0.222833 -2.76858 1
0.219663 -2.74378 1
0.216495 -2.71898 1
0.21333 -2.69419 1
0.210169 -2.66938 1
0.20701 -2.64459 1
0.203854 -2.61978 1
0.2007 -2.59499 1
0.197549 -2.57018 1
0.194401 -2.54538 1
0.191256 -2.52058 1
0.188115 -2.49578 1
0.184976 -2.47098 1
0.181841 -2.44618 1
0.178707 -2.42137 1
0.175576 -2.39657 1
0.172448 -2.37176 1
0.169324 -2.34696 1
0.166201 -2.32216 1
0.163082 -2.29735 1
0.159965 -2.27255 1
0.156852 -2.24774 1
0.153742 -2.22294 1
0.150634 -2.19813 1
0.147529 -2.17332 1
0.144427 -2.14852 1
0.141329 -2.12371 1
0.138233 -2.0989 1
0.13514 -2.0741 1
0.132049 -2.04929 1
0.12896 -2.02448 1
0.125876 -1.99967 1
0.122794 -1.97486 1
0.119715 -1.95005 1
0.116638 -1.92524 1
0.113564 -1.90043 1
0.110493 -1.87562 1
0.107424 -1.85081 1
0.104358 -1.826 1
0.101296 -1.80119 1
0.0982362 -1.77637 1
0.0951796 -1.75156 1
0.0921254 -1.72675 1
0.0890736 -1.70193 1
0.086024 -1.67712 1
0.0829776 -1.65231 1
0.0799334 -1.62749 1
0.0768924 -1.60268 1
0.0738536 -1.57787 1
0.0708176 -1.55305 1
0.0677838 -1.52823 1
0.0647525 -1.50342 1
0.0617238 -1.4786 1
0.058698 -1.45379 1
0.0556752 -1.42897 1
0.0526562 -1.40415 1
0.04964 -1.37934 1
0.0466269 -1.35452 1
0.0436167 -1.3297 1
0.0406098 -1.30488 1
0.0376054 -1.28006 1
0.0346036 -1.25525 1
0.0316039 -1.23043 1
0.0286065 -1.20561 1
0.0256112 -1.18079 1
0.0226189 -1.15597 1
0.019629 -1.13114 1
0.016643 -1.10632 1
0.013659 -1.0815 1
0.0106776 -1.05668 1
0.00769832 -1.03186 1
0.00472171 -0.4704 1
0.00174739 -0.322214 1
-0.00122464 -0.17391 1
-0.00999997 -0.0193995 1