-0.00999997 -0.0193995 1
-0.0100681 0.0127446 1
-0.0101012 0.0377446 1
-0.0101461 0.0627446 1
-0.010202 0.0877446 1
-0.0102731 0.112745 1
-0.0103584 0.137745 1
-0.0104625 0.162742 1
-0.010584 0.187742 1
-0.0107278 0.212742 1
-0.010892 0.237742 1
-0.011082 0.262742 1
-0.0112949 0.287742 1
-0.0115363 0.312739 1
-0.0118034 0.337739 1
-0.0121015 0.362735 1
-0.0124273 0.387732 1
-0.0127868 0.412732 1
-0.00913422 0.437464 1
-0.00546486 0.462192 1
-0.00183842 0.486927 1
0.00181262 0.511658 1
0.00543773 0.536396 1
0.00909259 0.561127 1
0.0127333 0.585862 1
0.0164067 0.61059 1
0.0200743 0.635318 1
0.0237761 0.660044 1
0.0274773 0.684766 1
0.0312127 0.709485 1
0.0349509 0.734205 1
0.0387221 0.758921 1
0.0426259 0.783613 1
0.0465409 0.808304 1
0.0504397 0.832999 1
0.0543519 0.857691 1
0.0582528 0.882386 1
0.0621686 0.907074 1
0.0660765 0.931769 1
0.0700005 0.956458 1
0.0739194 0.98115 1
0.0778544 1.00584 1
0.0818022 1.03052 1
0.0857507 1.05521 1
0.089712 1.0799 1
0.0937283 1.10457 1
0.0977479 1.12925 1
0.101761 1.15392 1
0.105778 1.1786 1
0.10979 1.20327 1
0.113808 1.22795 1
0.117822 1.25262 1
0.121843 1.2773 1
0.125861 1.30197 1
0.129886 1.32665 1
0.133909 1.35132 1
0.137939 1.37599 1
0.142 1.40066 1
0.146063 1.42533 1
0.15012 1.45 1
0.154179 1.47466 1
0.158234 1.49934 1
0.162292 1.524 1
0.166346 1.54867 1
0.170403 1.57334 1
0.174457 1.59801 1
0.178515 1.62268 1
0.182571 1.64735 1
0.18663 1.67202 1
0.190709 1.69668 1
0.194788 1.72134 1
0.198863 1.74601 1
0.202938 1.77068 1
0.207009 1.79534 1
0.211082 1.82001 1
0.215151 1.84468 1
0.219222 1.86934 1
0.223289 1.89401 1
0.227359 1.91867 1
0.231426 1.94334 1
0.235494 1.96801 1
0.239561 1.99268 1
0.243643 2.01734 1
0.247719 2.042 1
0.251797 2.06667 1
0.25587 2.09134 1
0.259944 2.116 1
0.264014 2.14067 1
0.268086 2.16534 1
0.272153 2.19 1
0.276222 2.21467 1
0.280288 2.23933 1
0.284355 2.264 1
0.28842 2.28867 1
0.292496 2.31334 1
0.296567 2.338 1
0.300639 2.36267 1
0.304706 2.38734 1
0.308774 2.412 1
0.312838 2.43667 1
0.316902 2.46134 1
0.320963 2.48601 1
0.325024 2.51067 1
0.329083 2.53534 1
0.333141 2.56001 1
0.337197 2.58468 1
0.341262 2.60935 1
0.345322 2.63401 1
0.349383 2.65868 1
0.353439 2.68335 1
0.357495 2.70802 1
0.361548 2.73269 1
0.365601 2.75736 1
0.36965 2.78203 1
0.3737 2.8067 1
0.377746 2.83137 1
0.381793 2.85604 1
0.385836 2.88071 1
0.38988 2.90538 1
0.39393 2.93005 1
0.397976 2.95472 1
0.402021 2.97939 1
0.406063 3.00406 1
0.410104 3.02873 1
0.414143 3.0534 1
0.41818 3.07808 1
0.422216 3.10275 1
0.42625 3.12742 1
0.430282 3.15209 1
0.434313 3.17677 1
0.438342 3.20144 1
0.442375 3.22611 1
0.446405 3.25078 1
0.450434 3.27546 1
0.45446 3.30013 1
0.458485 3.32481 1
0.462508 3.34948 1
0.466529 3.37416 1
0.470548 3.39883 1
0.474566 3.42351 1
0.478582 3.44818 1
0.482596 3.47286 1
0.486609 3.49753 1
0.490625 3.52221 1
0.494638 3.54688 1
0.498649 3.57156 1
0.502658 3.59623 1
0.506666 3.62091 1
0.510671 3.64559 1
0.514675 3.67027 1
0.518677 3.69494 1
0.522677 3.71962 1
0.526675 3.7443 1
0.530672 3.76898 1
0.534667 3.79366 1
0.538661 3.81834 1
0.542656 3.84302 1
0.546649 3.86769 1
0.55064 3.89237 1
0.554629 3.91705 1
0.558616 3.94173 1
0.562602 3.96641 1
0.566586 3.99109 1
0.570568 4.01578 1
0.574548 4.04045 1
0.578527 4.06514 1
0.582504 4.08982 1
0.586479 4.1145 1
0.590455 4.13918 1
0.59443 4.16386 1
0.598402 4.18855 1
0.602373 4.21323 1
0.606341 4.23791 1
0.610309 4.2626 1
0.614273 4.28728 1
0.618237 4.31196 1
0.622198 4.33665 1
0.626159 4.36133 1
0.630117 4.38602 1
0.634073 4.4107 1
0.638028 4.43539 1
0.641947 4.46008 1
0.645869 4.48477 1
0.649795 4.50946 1
0.653723 4.53415 1
0.657653 4.55884 1
0.661584 4.58352 1
0.665517 4.60821 1
0.66945 4.6329 1
0.673384 4.65759 1
0.677318 4.68228 1
0.681251 4.70697 1
0.685184 4.73166 1
0.689118 4.75635 1
0.691409 4.78124 1
0.693896 4.80612 1
0.696619 4.83097 1
0.699497 4.8558 1
0.702555 4.88061 1
0.705734 4.90541 1
0.709027 4.93019 1
0.712435 4.95496 1
0.71593 4.97972 1
0.719509 5.00446 1
0.723155 5.02919 1
0.726864 5.05391 1
0.730622 5.07863 1
0.734424 5.10334 1
0.738264 5.12804 1
0.740238 5.15296 1
0.742284 5.17788 1
0.7444 5.20279 1
0.746593 5.22769 1
0.748864 5.25259 1
0.751219 5.27748 1
0.75366 5.30236 1
0.756192 5.32723 1
0.758817 5.35209 1
0.761542 5.37694 1
0.76437 5.40178 1
0.767308 5.42661 1
0.770313 5.45143 1
0.773476 5.47623 1
0.776795 5.50101 1
0.780256 5.52577 1
0.783853 5.5505 1
0.787581 5.57523 1
0.790403 5.60006 1
0.793215 5.62491 1
0.795918 5.64976 1
0.798685 5.67461 1
0.801485 5.69945 1
0.804374 5.72428 1
0.80733 5.74911 1
0.810395 5.77392 1
0.813552 5.79872 1
0.816834 5.8235 1
0.820229 5.84827 1
0.823763 5.87302 1
0.827397 5.89775 1
0.831209 5.92246 1
0.835183 5.94714 1
0.83932 5.9718 1
0.842709 5.99657 1
0.846259 6.02131 1
0.850175 6.04601 1
0.854122 6.07069 1
0.858 6.09539 1
0.861989 6.12007 1
0.866046 6.14474 1
0.870244 6.16938 1
0.874552 6.19401 1
0.879025 6.21861 1
0.883641 6.24318 1
0.888443 6.26771 1
0.893472 6.2922 1
0.898547 6.31668 1
0.903541 6.34117 1
0.908697 6.36564 1
0.913929 6.39009 1
0.9194 6.41448 1
0.925238 6.43879 1
0.93126 6.46305 1
0.93739 6.48729 1
0.944033 6.51139 1
0.950572 6.53552 1
0.957274 6.5596 1
0.964316 6.58359 1
0.971453 6.60755 1
0.978571 6.63152 1
0.985891 6.65542 1
0.993772 6.67914 1
1.00187 6.7028 1
1.01003 6.72643 1
1.01819 6.75006 1
1.02657 6.77361 1
1.03513 6.7971 1
1.04458 6.82025 1
1.05427 6.8433 1
1.06407 6.86629 1
1.07399 6.88924 1
1.08412 6.9121 1
1.09488 6.93466 1
1.10581 6.95715 1
1.11695 6.97953 1
1.1284 7.00175 1
1.14009 7.02385 1
1.15214 7.04575 1
1.16446 7.06751 1
1.17715 7.08904 1
1.19002 7.11048 1
1.20335 7.13163 1
1.21697 7.15259 1
1.23089 7.17336 1
1.24501 7.19399 1
1.25948 7.21438 1
1.27449 7.23437 1
1.2897 7.25421 1
1.30487 7.27408 1
1.32049 7.2936 1
1.33636 7.31292 1
1.35231 7.33217 1
1.3685 7.35121 1
1.38492 7.37007 1
1.40144 7.38884 1
1.41816 7.40742 1
1.43506 7.42584 1
1.45194 7.44428 1
1.46906 7.4625 1
1.48624 7.48066 1
1.50389 7.49837 1
1.5217 7.51591 1
1.54019 7.53274 1
1.55873 7.54951 1
1.57736 7.56618 1
1.59654 7.58222 1
1.61576 7.59821 1
1.63506 7.61409 1
1.65453 7.62977 1
1.67434 7.64503 1
1.69417 7.66025 1
1.7142 7.67521 1
1.73453 7.68976 1
1.75506 7.70403 1
1.77577 7.71803 1
1.79663 7.73181 1
1.81769 7.74528 1
1.83893 7.75846 1
1.86037 7.77132 1
1.8819 7.78404 1
1.90357 7.79649 1
1.92542 7.80863 1
1.94748 7.8204 1
1.96954 7.83218 1
1.99163 7.84388 1
2.01393 7.85518 1
2.03642 7.86609 1
2.05919 7.87642 1
2.08175 7.88719 1
2.10475 7.89698 1
2.12791 7.90639 1
2.15129 7.91526 1
2.17474 7.92391 1
2.19837 7.93208 1
2.22198 7.94031 1
2.2456 7.94849 1
2.26924 7.95662 1
2.29297 7.9645 1
2.31672 7.97231 1
2.34048 7.98006 1
2.36463 7.98655 1
2.38884 7.99279 1
2.41313 7.99868 1
2.43747 8.00441 1
2.46181 8.01009 1
2.48622 8.01552 1
2.51068 8.02067 1
2.53518 8.02563 1
2.55974 8.03032 1
2.58404 8.03621 1
2.60851 8.04132 1
2.63308 8.04594 1
2.65775 8.04996 1
2.68247 8.05369 1
2.70721 8.0573 1
2.73199 8.06059 1
2.75683 8.06348 1
2.78168 8.06614 1
2.80657 8.06853 1
2.83147 8.07075 1
2.85639 8.0728 1
2.88131 8.07469 1
2.90626 8.07635 1
2.93121 8.07789 1
2.95617 8.07924 1
2.98114 8.0805 1
3.00612 8.08161 1
3.0311 8.08265 1
3.05608 8.08356 1
3.08107 8.08443 1
3.10605 8.08521 1
3.13104 8.08596 1
3.15603 8.08664 1
3.18102 8.08733 1
3.20601 8.08821 1
3.23099 8.08902 1
3.25599 8.08942 1
3.28099 8.0898 1
3.30599 8.09013 1
3.33098 8.09044 1
3.35598 8.09071 1
3.38098 8.09096 1
3.40598 8.09118 1
3.43098 8.09139 1
3.45598 8.09157 1
3.48098 8.09174 1
3.50598 8.09189 1
3.53098 8.09203 1
3.55598 8.09215 1
3.58098 8.09227 1
3.60598 8.09237 1
3.63098 8.09247 1
3.65598 8.09256 1
3.68098 8.09264 1
3.70598 8.09271 1
3.73098 8.09278 1
3.75598 8.09284 1
3.78098 8.0929 1
3.80598 8.09295 1
3.83098 8.093 1
3.85598 8.09304 1
3.88098 8.09309 1
3.90598 8.09312 1
3.93098 8.09316 1
3.95598 8.09319 1
3.98098 8.09322 1
4.00598 8.09325 1
4.03098 8.09328 1
4.05598 8.0933 1
4.08098 8.09333 1
4.10598 8.09335 1
4.13098 8.09337 1
4.15598 8.09338 1
4.18098 8.0934 1
4.20598 8.09342 1
4.23098 8.09343 1
4.25598 8.09345 1
4.28098 8.09346 1
4.30598 8.09347 1
4.33098 8.09349 1
4.35598 8.0935 1
4.38098 8.09351 1
4.40598 8.09352 1
4.43098 8.09352 1
4.45598 8.09353 1
4.48098 8.09354 1
4.50598 8.09355 1
4.53098 8.09355 1
4.55598 8.09355 1
4.58098 8.09356 1
4.60598 8.09356 1
4.63098 8.09356 1
4.65598 8.09356 1
4.68098 8.09355 1
4.70598 8.09354 1
4.73098 8.09353 1
4.75598 8.09351 1
4.78098 8.09349 1
4.80598 8.09345 1
4.83098 8.09341 1
4.85598 8.09336 1
4.88098 8.09329 1
4.90598 8.0932 1
4.93098 8.09308 1
4.95597 8.09294 1
4.98097 8.09274 1
5.00597 8.09237 1
5.03097 8.09198 1
5.05597 8.09162 1
5.08096 8.09125 1
5.10596 8.09088 1
5.13096 8.09047 1
5.15595 8.0899 1
5.18094 8.08934 1
5.20594 8.08885 1
5.23093 8.08836 1
5.25593 8.08793 1
5.28093 8.08751 1
5.30592 8.08713 1
5.33092 8.08676 1
5.35592 8.08642 1
5.38092 8.0861 1
5.40592 8.0858 1
5.43091 8.08551 1
5.45591 8.08525 1
5.48091 8.085 1
5.50591 8.08477 1
5.53091 8.08454 1
5.55591 8.08433 1
5.58091 8.08413 1
5.60591 8.08394 1
5.63091 8.08376 1
5.65591 8.08359 1
5.6809 8.08343 1
5.7059 8.08328 1
5.7309 8.08313 1
5.7559 8.083 1
5.7809 8.08286 1
5.8059 8.08273 1
5.8309 8.08261 1
5.8559 8.08249 1
5.8809 8.08237 1
5.9059 8.08226 1
5.9309 8.08214 1
5.9559 8.08203 1
5.9809 8.08192 1
6.0059 8.08181 1
6.0309 8.08168 1
6.0559 8.08156 1
6.0809 8.08143 1
6.1059 8.08129 1
6.1309 8.08114 1
6.1559 8.08097 1
6.1809 8.08079 1
6.2059 8.08058 1
6.2309 8.08035 1
6.25589 8.08008 1
6.28089 8.07978 1
6.30589 8.07943 1
6.33089 8.07903 1
6.35588 8.07855 1
6.38088 8.07799 1
6.40587 8.07734 1
6.43086 8.07658 1
6.45584 8.07567 1
6.48082 8.07459 1
6.50578 8.07331 1
6.53074 8.0718 1
6.55567 8.07 1
6.58058 8.06785 1
6.60545 8.06529 1
6.63026 8.06224 1
6.65499 8.0586 1
6.67962 8.05426 1
6.70407 8.04909 1
6.72831 8.04293 1
6.75222 8.03565 1
6.77584 8.02746 1
6.79936 8.01898 1
6.82278 8.01023 1
6.84611 8.00125 1
6.86935 7.99205 1
6.89253 7.98268 1
6.91585 7.97367 1
6.93937 7.9652 1
6.96306 7.95721 1
6.98693 7.94977 1
7.01097 7.94291 1
7.03516 7.9366 1
7.05949 7.93085 1
7.08376 7.92485 1
7.10794 7.91849 1
7.13205 7.91187 1
7.15608 7.90498 1
7.18002 7.89779 1
7.20384 7.89018 1
7.22755 7.88226 1
7.25118 7.87411 1
7.27462 7.86541 1
7.29736 7.85502 1
7.31965 7.84371 1
7.34161 7.83175 1
7.36332 7.81936 1
7.38477 7.80653 1
7.40597 7.79327 1
7.42685 7.77953 1
7.4477 7.76572 1
7.46846 7.7518 1
7.48909 7.73767 1
7.50945 7.72317 1
7.52963 7.70841 1
7.54951 7.69326 1
7.56915 7.67778 1
7.5885 7.66195 1
7.60752 7.64573 1
7.62624 7.62916 1
7.64468 7.61228 1
7.66278 7.59504 1
7.68052 7.57742 1
7.69788 7.55943 1
7.71483 7.54105 1
7.73132 7.52227 1
7.74731 7.50304 1
7.76282 7.48344 1
7.77785 7.46346 1
7.79224 7.44302 1
7.80616 7.42225 1
7.8196 7.40117 1
7.83256 7.37979 1
7.84497 7.35809 1
7.85692 7.33613 1
7.86841 7.31393 1
7.87943 7.29149 1
7.88998 7.26882 1
7.90006 7.24595 1
7.90974 7.22289 1
7.91907 7.1997 1
7.92804 7.17636 1
7.93659 7.15287 1
7.94449 7.12915 1
7.95205 7.10532 1
7.95925 7.08138 1
7.96604 7.05732 1
7.9724 7.03315 1
7.97839 7.00888 1
7.984 6.98451 1
7.98926 6.96007 1
7.99399 6.93552 1
7.99835 6.9109 1
8.00233 6.88622 1
8.00595 6.86149 1
8.00921 6.8367 1
8.01214 6.81187 1
8.01473 6.78701 1
8.01712 6.76212 1
8.01935 6.73722 1
8.02145 6.71231 1
8.02343 6.68739 1
8.0253 6.66246 1
8.02706 6.63752 1
8.02882 6.61258 1
8.03063 6.58765 1
8.03248 6.56272 1
8.03438 6.53779 1
8.03632 6.51287 1
8.03831 6.48794 1
8.04072 6.46306 1
8.0431 6.43818 1
8.04546 6.41329 1
8.04779 6.38839 1
8.0501 6.3635 1
8.05239 6.33861 1
8.05468 6.31371 1
8.05695 6.28882 1
8.05922 6.26392 1
8.06149 6.23902 1
8.06375 6.21412 1
8.06601 6.18923 1
8.06828 6.16433 1
8.07055 6.13943 1
8.07282 6.11454 1
8.07509 6.08964 1
8.07738 6.06474 1
8.07966 6.03985 1
8.08195 6.01495 1
8.08424 5.99006 1
8.08654 5.96516 1
8.08885 5.94027 1
8.09113 5.91538 1
8.0934 5.89048 1
8.09567 5.86558 1
8.09794 5.84069 1
8.1002 5.81579 1
8.10246 5.79089 1
8.10472 5.76599 1
8.10698 5.7411 1
8.10923 5.7162 1
8.11149 5.6913 1
8.11374 5.6664 1
8.11599 5.6415 1
8.11825 5.61661 1
8.1205 5.59171 1
8.12275 5.56681 1
8.12501 5.54191 1
8.12726 5.51701 1
8.12952 5.49211 1
8.13177 5.46722 1
8.13402 5.44232 1
8.13628 5.41742 1
8.13853 5.39252 1
8.14073 5.36762 1
8.14292 5.34271 1
8.14511 5.31781 1
8.1473 5.29291 1
8.14948 5.268 1
8.15167 5.2431 1
8.15385 5.21819 1
8.15603 5.19329 1
8.15821 5.16838 1
8.16039 5.14348 1
8.16257 5.11857 1
8.16475 5.09367 1
8.16692 5.06876 1
8.1691 5.04386 1
8.17127 5.01895 1
8.17344 4.99405 1
8.17561 4.96914 1
8.17778 4.94424 1
8.17995 4.91933 1
8.18212 4.89442 1
8.18428 4.86952 1
8.18644 4.84461 1
8.18861 4.81971 1
8.19071 4.79479 1
8.19281 4.76988 1
8.19491 4.74497 1
8.19697 4.72006 1
8.19894 4.69513 1
8.20083 4.67021 1
8.20266 4.64527 1
8.20444 4.62034 1
8.20618 4.5954 1
8.20785 4.57045 1
8.20943 4.5455 1
8.21094 4.52055 1
8.21238 4.49559 1
8.21379 4.47063 1
8.21516 4.44567 1
8.21651 4.4207 1
8.21784 4.39574 1
8.21918 4.37077 1
8.22052 4.34581 1
8.22187 4.32085 1
8.22324 4.29588 1
8.22464 4.27092 1
8.22607 4.24597 1
8.22755 4.22101 1
8.22906 4.19605 1
8.23064 4.1711 1
8.23226 4.14616 1
8.23395 4.12121 1
8.23572 4.09628 1
8.23755 4.07134 1
8.23947 4.04642 1
8.24044 4.02144 1
8.24146 3.99646 1
8.24253 3.97148 1
8.24365 3.94651 1
8.24483 3.92153 1
8.24608 3.89656 1
8.24741 3.8716 1
8.24882 3.84664 1
8.25033 3.82169 1
8.25193 3.79674 1
8.25365 3.7718 1
8.25549 3.74686 1
8.25747 3.72194 1
8.2596 3.69703 1
8.26189 3.67214 1
8.26439 3.64726 1
8.26707 3.62241 1
8.26982 3.59756 1
8.27269 3.57272 1
8.27571 3.54791 1
8.27889 3.52311 1
8.28228 3.49834 1
8.28585 3.4736 1
8.29045 3.44902 1
8.29508 3.42446 1
8.29978 3.3999 1
8.30453 3.37536 1
8.30926 3.35081 1
8.31401 3.32626 1
8.31886 3.30174 1
8.32383 3.27724 1
8.32899 3.25278 1
8.33433 3.22835 1
8.34055 3.20414 1
8.34685 3.17995 1
8.3531 3.15574 1
8.35932 3.13153 1
8.36564 3.10734 1
8.37208 3.08318 1
8.3787 3.05907 1
8.38552 3.03502 1
8.39287 3.01113 1
8.40025 2.98724 1
8.4077 2.96338 1
8.41524 2.93954 1
8.42294 2.91576 1
8.43083 2.89204 1
8.4389 2.86838 1
8.44727 2.84482 1
8.45573 2.82129 1
8.46432 2.79782 1
8.47305 2.77439 1
8.4819 2.75101 1
8.4909 2.72768 1
8.5 2.7044 1
8.50921 2.68116 1
8.51861 2.65799 1
8.52822 2.63491 1
8.53799 2.6119 1
8.54795 2.58897 1
8.55805 2.5661 1
8.56831 2.5433 1
8.57873 2.52058 1
8.5893 2.49792 1
8.59999 2.47532 1
8.61083 2.4528 1
8.62184 2.43035 1
8.63301 2.40798 1
8.64424 2.38565 1
8.65565 2.3634 1
8.66722 2.34124 1
8.67896 2.31917 1
8.69077 2.29714 1
8.70274 2.27519 1
8.71489 2.25334 1
8.72722 2.2316 1
8.73974 2.20995 1
8.7524 2.1884 1
8.7652 2.16692 1
8.7781 2.14551 1
8.79103 2.12411 1
8.80411 2.1028 1
8.81734 2.08159 1
8.83073 2.06048 1
8.84407 2.03934 1
8.85761 2.01832 1
8.87136 1.99744 1
8.88529 1.97668 1
8.89934 1.956 1
8.91355 1.93543 1
8.92792 1.91498 1
8.94239 1.89459 1
8.95696 1.87428 1
8.97167 1.85406 1
8.98648 1.83391 1
9.00127 1.81376 1
9.01624 1.79374 1
9.03138 1.77384 1
9.04658 1.754 1
9.06192 1.73425 1
9.07744 1.71466 1
9.09309 1.69516 1
9.10881 1.67573 1
9.12468 1.65641 1
9.14065 1.63717 1
9.1567 1.61801 1
9.17286 1.59893 1
9.18912 1.57994 1
9.20545 1.56101 1
9.22186 1.54215 1
9.2384 1.52341 1
9.25499 1.5047 1
9.27165 1.48606 1
9.28846 1.46755 1
9.30528 1.44906 1
9.32217 1.43063 1
9.33922 1.41235 1
9.35627 1.39407 1
9.37342 1.37587 1
9.39064 1.35775 1
9.40791 1.33968 1
9.4253 1.32171 1
9.44274 1.3038 1
9.46024 1.28594 1
9.47787 1.26822 1
9.49553 1.25053 1
9.51325 1.23289 1
9.53112 1.21541 1
9.54909 1.19802 1
9.5671 1.18068 1
9.58521 1.16346 1
9.60342 1.14632 1
9.62167 1.12924 1
9.63999 1.11223 1
9.65831 1.09522 1
9.67671 1.07828 1
9.69505 1.0613 1
9.71352 1.04445 1
9.73206 1.02769 1
9.75057 1.01088 1
9.7692 0.994202 1
9.7879 0.97761 1
9.80662 0.961045 1
9.82543 0.944578 1
9.84428 0.928156 1
9.8632 0.911814 1
9.88217 0.89553 1
9.90114 0.879252 1
9.92018 0.863044 1
9.93926 0.846891 1
9.95833 0.830723 1
9.97746 0.814634 1
9.99652 0.79845 1
10.0157 0.782389 1
10.0349 0.766425 1
10.0542 0.750495 1
10.0735 0.734626 1
10.0928 0.718781 1
10.1122 0.703006 1
10.1317 0.687281 1
10.1511 0.671552 1
10.1706 0.655896 1
10.1901 0.640275 1
10.2097 0.624695 1
10.2292 0.609162 1
10.2488 0.593577 1
10.2684 0.578061 1
10.2881 0.562616 1
10.3077 0.547104 1
10.3273 0.531696 1
10.3471 0.516334 1
10.3669 0.501044 1
10.3867 0.485801 1
10.4065 0.470597 1
10.4264 0.455436 1
10.4463 0.440311 1
10.4662 0.425205 1
10.4862 0.410129 1
10.5061 0.395081 1
10.5261 0.380039 1
10.5461 0.365037 1
10.5661 0.350046 1
10.5861 0.335059 1
10.6061 0.320099 1
10.6262 0.305152 1
10.6462 0.29022 1
10.6663 0.275293 1
10.6863 0.260376 1
10.7064 0.245478 1
10.7265 0.230579 1
10.7466 0.215705 1
10.7667 0.200834 1
10.7868 0.185962 1
10.8069 0.171109 1
10.827 0.156263 1
10.8471 0.141428 1
10.8672 0.126594 1
10.8874 0.111765 1
10.9075 0.0969487 1
10.9277 0.0821324 1
10.9478 0.0673314 1
10.9679 0.0525304 1
10.9881 0.0377355 1
11.0083 0.0229467 1
11.0284 0.00816394 1
11.0486 -0.00661267 1
11.0687 -0.0213862 1
11.0889 -0.0361506 1
11.1091 -0.0509089 1
11.1293 -0.0656611 1
11.1495 -0.0804072 1
11.1697 -0.0951472 1
11.1899 -0.109881 1
11.2101 -0.124609 1
11.2303 -0.139331 1
11.2505 -0.154043 1
11.2707 -0.168756 1
11.2909 -0.183459 1
11.3111 -0.198156 1
11.3314 -0.21285 1
11.3516 -0.227539 1
11.3718 -0.242221 1
11.3921 -0.256896 1
11.4123 -0.271569 1
11.4326 -0.286239 1
11.4528 -0.300903 1
11.473 -0.315563 1
11.4933 -0.330218 1
11.5136 -0.34487 1
11.5338 -0.359518 1
11.5541 -0.374163 1
11.5743 -0.388803 1
11.5946 -0.403436 1
11.6149 -0.418069 1
11.6352 -0.432699 1
11.6554 -0.447323 1
11.6757 -0.461944 1
11.696 -0.476562 1
11.7163 -0.491177 1
11.7366 -0.505789 1
11.7569 -0.520397 1
11.7771 -0.535003 1
11.7974 -0.549603 1
11.8177 -0.564202 1
11.838 -0.578799 1
11.8583 -0.593392 1
11.8786 -0.607983 1
11.8989 -0.62257 1
11.9192 -0.637155 1
11.9395 -0.651736 1
11.9598 -0.666314 1
11.9802 -0.680889 1
12.0005 -0.695462 1
12.0208 -0.710034 1
12.0411 -0.7246 1
12.0614 -0.739163 1
12.0817 -0.753726 1
12.1021 -0.768283 1
12.1224 -0.782839 1
12.1427 -0.797393 1
12.1631 -0.811944 1
12.1834 -0.826495 1
12.2037 -0.84104 1
12.2241 -0.855584 1
12.2444 -0.870126 1
12.2647 -0.884664 1
12.2851 -0.899203 1
12.3054 -0.913739 1
12.3257 -0.928271 1
12.3461 -0.9428 1
12.3664 -0.957333 1
12.3868 -0.971862 1
12.4071 -0.986389 1
12.4275 -1.00092 1
12.4478 -1.01544 1
12.4682 -1.02997 1
12.4885 -1.04451 1
12.5088 -1.05904 1
12.5292 -1.07357 1
12.5495 -1.08811 1
12.5699 -1.10266 1
12.5902 -1.11721 1
12.6105 -1.13177 1
12.6308 -1.14635 1
12.6511 -1.16093 1
12.6714 -1.17554 1
12.6917 -1.19016 1
12.7119 -1.20481 1
12.7322 -1.21947 1
12.7524 -1.23417 1
12.7726 -1.24891 1
12.7928 -1.26365 1
12.8129 -1.27846 1
12.833 -1.29333 1
12.8531 -1.30821 1
12.8732 -1.32316 1
12.8932 -1.33815 1
12.9131 -1.35322 1
12.933 -1.36834 1
12.9529 -1.38353 1
12.9727 -1.39881 1
12.9925 -1.41408 1
13.0122 -1.42948 1
13.0318 -1.44501 1
13.0514 -1.46053 1
13.0708 -1.47618 1
13.0903 -1.49188 1
13.1096 -1.50772 1
13.1289 -1.5237 1
13.148 -1.53974 1
13.1671 -1.55594 1
13.186 -1.57229 1
13.2049 -1.58868 1
13.2236 -1.60524 1
13.2424 -1.62176 1
13.2609 -1.63849 1
13.2794 -1.65538 1
13.2979 -1.67223 1
13.3161 -1.68928 1
13.3343 -1.70649 1
13.3524 -1.72366 1
13.3704 -1.74106 1
13.3882 -1.75864 1
13.4059 -1.77621 1
13.4234 -1.79406 1
13.441 -1.81186 1
13.4583 -1.82993 1
13.4753 -1.84825 1
13.4924 -1.86652 1
13.5091 -1.88508 1
13.5256 -1.90386 1
13.5421 -1.92262 1
13.5584 -1.94164 1
13.5743 -1.96089 1
13.5903 -1.98013 1
13.6059 -1.99963 1
13.6213 -2.01935 1
13.6365 -2.0392 1
13.6516 -2.05909 1
13.6665 -2.07915 1
13.6813 -2.09936 1
13.6961 -2.1195 1
13.7106 -2.13986 1
13.7248 -2.1604 1
13.7389 -2.18109 1
13.7529 -2.20177 1
13.7667 -2.22261 1
13.7803 -2.24359 1
13.7941 -2.26446 1
13.8075 -2.28553 1
13.8207 -2.30678 1
13.8337 -2.32817 1
13.8467 -2.34951 1
13.8594 -2.37102 1
13.8719 -2.39267 1
13.8842 -2.41444 1
13.8967 -2.43612 1
13.9088 -2.45795 1
13.9208 -2.47992 1
13.9325 -2.50201 1
13.9444 -2.52396 1
13.9561 -2.54606 1
13.9675 -2.5683 1
13.9787 -2.59066 1
13.9897 -2.61311 1
14.0009 -2.63546 1
14.0119 -2.65794 1
14.0226 -2.68053 1
14.0331 -2.70319 1
14.044 -2.72569 1
14.0548 -2.74827 1
14.0653 -2.77092 1
14.0757 -2.79368 1
14.0859 -2.81651 1
14.0964 -2.83921 1
14.1067 -2.86197 1
14.1168 -2.88484 1
14.1267 -2.90781 1
14.1364 -2.93084 1
14.1464 -2.95373 1
14.1564 -2.97668 1
14.1661 -2.99968 1
14.1758 -3.02274 1
14.1852 -3.0459 1
14.1949 -3.06893 1
14.2044 -3.09208 1
14.2135 -3.11534 1
14.2225 -3.1387 1
14.2312 -3.16214 1
14.2396 -3.18566 1
14.2483 -3.2091 1
14.2567 -3.23266 1
14.2647 -3.25632 1
14.2725 -3.28008 1
14.28 -3.30393 1
14.2872 -3.32787 1
14.2947 -3.35174 1
14.3018 -3.3757 1
14.3087 -3.39973 1
14.3153 -3.42384 1
14.3216 -3.44803 1
14.3276 -3.4723 1
14.3333 -3.49664 1
14.3388 -3.52104 1
14.345 -3.54525 1
14.3509 -3.56955 1
14.3565 -3.59391 1
14.3618 -3.61834 1
14.3669 -3.64282 1
14.3718 -3.66734 1
14.3763 -3.69192 1
14.3806 -3.71655 1
14.3846 -3.74122 1
14.3885 -3.76593 1
14.3934 -3.79044 1
14.3981 -3.81499 1
14.4026 -3.83959 1
14.4067 -3.86424 1
14.4106 -3.88893 1
14.4143 -3.91366 1
14.4179 -3.9384 1
14.4212 -3.96317 1
14.4244 -3.98798 1
14.4272 -4.01282 1
14.4297 -4.03769 1
14.432 -4.06259 1
14.4341 -4.0875 1
14.4359 -4.11244 1
14.4374 -4.13739 1
14.4406 -4.16219 1
14.4437 -4.18699 1
14.4468 -4.2118 1
14.4498 -4.23661 1
14.4529 -4.26143 1
14.4558 -4.28625 1
14.4588 -4.31108 1
14.4618 -4.3359 1
14.4647 -4.36073 1
14.4677 -4.38555 1
14.4706 -4.41038 1
14.4735 -4.4352 1
14.4765 -4.46003 1
14.4794 -4.48486 1
14.4824 -4.50969 1
14.4853 -4.53451 1
14.4882 -4.55934 1
14.4913 -4.58415 1
14.4943 -4.60897 1
14.4973 -4.63379 1
14.5003 -4.65861 1
14.5033 -4.68343 1
14.5063 -4.70825 1
14.5092 -4.73307 1
14.5122 -4.7579 1
14.5152 -4.78272 1
14.5181 -4.80754 1
14.5211 -4.83237 1
14.5241 -4.85719 1
14.527 -4.88202 1
14.53 -4.90684 1
14.5329 -4.93166 1
14.5359 -4.95649 1
14.5388 -4.98132 1
14.5418 -5.00614 1
14.5448 -5.03096 1
14.5477 -5.05579 1
14.5507 -5.08061 1
14.5536 -5.10544 1
14.5565 -5.13027 1
14.5595 -5.15509 1
14.5624 -5.17992 1
14.5653 -5.20475 1
14.5683 -5.22958 1
14.5712 -5.25441 1
14.5741 -5.27924 1
14.577 -5.30406 1
14.5799 -5.32889 1
14.5829 -5.35372 1
14.5858 -5.37855 1
14.5887 -5.40338 1
14.5916 -5.42821 1
14.5945 -5.45305 1
14.5974 -5.47788 1
14.6003 -5.50271 1
14.6031 -5.52754 1
14.606 -5.55238 1
14.6089 -5.57721 1
14.6118 -5.60205 1
14.6146 -5.62688 1
14.6175 -5.65172 1
14.6204 -5.67655 1
14.6232 -5.70139 1
14.6261 -5.72622 1
14.6289 -5.75106 1
14.6318 -5.7759 1
14.6346 -5.80073 1
14.6375 -5.82557 1
14.6403 -5.85041 1
14.6431 -5.87525 1
14.646 -5.90009 1
14.6488 -5.92493 1
14.6516 -5.94977 1
14.6544 -5.97461 1
14.6572 -5.99945 1
14.66 -6.0243 1
14.6628 -6.04914 1
14.6656 -6.07398 1
14.6684 -6.09882 1
14.6712 -6.12367 1
14.674 -6.14851 1
14.6768 -6.17335 1
14.6796 -6.1982 1
14.6824 -6.22304 1
14.6852 -6.24789 1
14.6879 -6.27273 1
14.6907 -6.29758 1
14.6935 -6.32243 1
14.6962 -6.34728 1
14.699 -6.37213 1
14.7017 -6.39697 1
14.7044 -6.42182 1
14.7072 -6.44667 1
14.7099 -6.47152 1
14.7126 -6.49637 1
14.7154 -6.52122 1
14.7181 -6.54608 1
14.7208 -6.57093 1
14.7235 -6.59578 1
14.7263 -6.62063 1
14.729 -6.64548 1
14.7317 -6.67034 1
14.7344 -6.69519 1
14.7371 -6.72004 1
14.7398 -6.74489 1
14.7425 -6.76975 1
14.7452 -6.79461 1
14.7478 -6.81946 1
14.7505 -6.84432 1
14.7532 -6.86918 1
14.7559 -6.89403 1
14.7585 -6.91889 1
14.7612 -6.94375 1
14.7638 -6.96861 1
14.7665 -6.99346 1
14.7691 -7.01832 1
14.7718 -7.04318 1
14.7744 -7.06804 1
14.7771 -7.0929 1
14.7797 -7.11776 1
14.7824 -7.14262 1
14.785 -7.16748 1
14.7876 -7.19234 1
14.7902 -7.21721 1
14.7929 -7.24207 1
14.7955 -7.26694 1
14.7981 -7.2918 1
14.8007 -7.31666 1
14.8033 -7.34153 1
14.8059 -7.36639 1
14.8085 -7.39126 1
14.811 -7.41612 1
14.8136 -7.44099 1
14.8162 -7.46586 1
14.8188 -7.49072 1
14.8214 -7.51559 1
14.8239 -7.54046 1
14.8265 -7.56532 1
14.8291 -7.59019 1
14.8317 -7.61506 1
14.8342 -7.63993 1
14.8368 -7.6648 1
14.8393 -7.68966 1
14.8419 -7.71454 1
14.8444 -7.73941 1
14.8469 -7.76428 1
14.8495 -7.78915 1
14.852 -7.81402 1
14.8545 -7.83889 1
14.8571 -7.86376 1
14.8596 -7.88864 1
14.8621 -7.91351 1
14.8646 -7.93838 1
14.8671 -7.96326 1
14.8696 -7.98813 1
14.8721 -8.01301 1
14.8746 -8.03788 1
14.8771 -8.06276 1
14.8796 -8.08763 1
14.8821 -8.11251 1
14.8846 -8.13738 1
14.8871 -8.16226 1
14.8896 -8.18714 1
14.892 -8.21201 1
14.8945 -8.23689 1
14.8969 -8.26177 1
14.8994 -8.28665 1
14.9019 -8.31153 1
14.9043 -8.33641 1
14.9068 -8.36129 1
14.9092 -8.38617 1
14.9117 -8.41105 1
14.9141 -8.43593 1
14.9165 -8.46081 1
14.919 -8.48569 1
14.9214 -8.51057 1
14.9239 -8.53545 1
14.9263 -8.56033 1
14.9287 -8.58522 1
14.9311 -8.6101 1
14.9336 -8.63498 1
14.936 -8.65986 1
14.9384 -8.68475 1
14.9408 -8.70963 1
14.9432 -8.73452 1
14.9456 -8.7594 1
14.948 -8.78428 1
14.9504 -8.80917 1
14.9528 -8.83406 1
14.9551 -8.85894 1
14.9575 -8.88383 1
14.9599 -8.90871 1
14.9623 -8.9336 1
14.9647 -8.95849 1
14.967 -8.98338 1
14.9694 -9.00826 1
14.9718 -9.03315 1
14.9741 -9.05804 1
14.9765 -9.08293 1
14.9788 -9.10782 1
14.9812 -9.1327 1
14.9836 -9.15759 1
14.9859 -9.18248 1
14.9882 -9.20737 1
14.9906 -9.23226 1
14.9929 -9.25715 1
14.9952 -9.28205 1
14.9976 -9.30694 1
14.9999 -9.33183 1
15.0022 -9.35672 1
15.0045 -9.38161 1
15.0068 -9.40651 1
15.0091 -9.4314 1
15.0115 -9.45629 1
15.0138 -9.48119 1
15.0161 -9.50608 1
15.0184 -9.53097 1
15.0207 -9.55587 1
15.023 -9.58076 1
15.0253 -9.60566 1
15.0275 -9.63055 1
15.0298 -9.65545 1
15.0321 -9.68034 1
15.0344 -9.70524 1
15.0367 -9.73013 1
15.039 -9.75503 1
15.0412 -9.77993 1
15.0435 -9.80482 1
15.0457 -9.82972 1
15.048 -9.85462 1
15.0503 -9.87952 1
15.0525 -9.90442 1
15.0548 -9.92931 1
15.057 -9.95421 1
15.0593 -9.97911 1
15.0615 -10.004 1
15.0637 -10.0289 1
15.066 -10.0538 1
15.0682 -10.0787 1
15.0704 -10.1036 1
15.0727 -10.1285 1
15.0749 -10.1534 1
15.0771 -10.1783 1
15.0793 -10.2032 1
15.0816 -10.2281 1
15.0838 -10.253 1
15.086 -10.2779 1
15.0882 -10.3028 1
15.0904 -10.3277 1
15.0926 -10.3526 1
15.0948 -10.3775 1
15.097 -10.4024 1
15.0992 -10.4273 1
15.1014 -10.4522 1
15.1036 -10.4771 1
15.1057 -10.502 1
15.1079 -10.527 1
15.1101 -10.5519 1
15.1123 -10.5768 1
15.1145 -10.6017 1
15.1166 -10.6266 1
15.1188 -10.6515 1
15.121 -10.6764 1
15.1231 -10.7013 1
15.1253 -10.7262 1
15.1275 -10.7511 1
15.1296 -10.776 1
15.1318 -10.8009 1
15.1339 -10.8258 1
15.1361 -10.8507 1
15.1382 -10.8756 1
15.1404 -10.9005 1
15.1425 -10.9255 1
15.1446 -10.9504 1
15.1468 -10.9753 1
15.1489 -11.0002 1
15.151 -11.0251 1
15.1532 -11.05 1
15.1553 -11.0749 1
15.1574 -11.0998 1
15.1595 -11.1247 1
15.1616 -11.1496 1
15.1638 -11.1746 1
15.1659 -11.1995 1
15.168 -11.2244 1
15.1701 -11.2493 1
15.1722 -11.2742 1
15.1743 -11.2991 1
15.1764 -11.324 1
15.1785 -11.3489 1
15.1806 -11.3738 1
15.1827 -11.3988 1
15.1848 -11.4237 1
15.1869 -11.4486 1
15.189 -11.4735 1
15.191 -11.4984 1
15.1931 -11.5233 1
15.1952 -11.5482 1
15.1972 -11.5731 1
15.1993 -11.5981 1
15.2014 -11.623 1
15.2034 -11.6479 1
15.2055 -11.6728 1
15.2076 -11.6977 1
15.2096 -11.7226 1
15.2117 -11.7476 1
15.2137 -11.7725 1
15.2158 -11.7974 1
15.2178 -11.8223 1
15.2199 -11.8472 1
15.2219 -11.8721 1
15.224 -11.897 1
15.226 -11.922 1
15.228 -11.9469 1
15.2301 -11.9718 1
15.2321 -11.9967 1
15.2341 -12.0216 1
15.2362 -12.0465 1
15.2382 -12.0715 1
15.2402 -12.0964 1
15.2422 -12.1213 1
15.2442 -12.1462 1
15.2463 -12.1711 1
15.2483 -12.1961 1
15.2503 -12.221 1
15.2523 -12.2459 1
15.2543 -12.2708 1
15.2563 -12.2957 1
15.2583 -12.3207 1
15.2603 -12.3456 1
15.2623 -12.3705 1
15.2643 -12.3954 1
15.2663 -12.4203 1
15.2682 -12.4453 1
15.2702 -12.4702 1
15.2722 -12.4951 1
15.2742 -12.52 1
15.2762 -12.5449 1
15.2782 -12.5699 1
15.2801 -12.5948 1
15.2821 -12.6197 1
15.2841 -12.6446 1
15.2861 -12.6696 1
15.288 -12.6945 1
15.29 -12.7194 1
15.34 -12.7694 1
15.3757 -12.7388 0.709414
