15.3304 -13.7578 1
15.3298 -13.7828 1
15.3292 -13.8078 1
15.3285 -13.8328 1
15.3279 -13.8578 1
15.3272 -13.8828 1
15.3265 -13.9077 1
15.3257 -13.9327 1
15.325 -13.9577 1
15.3242 -13.9827 1
15.3234 -14.0077 1
15.3226 -14.0327 1
15.3217 -14.0577 1
15.3208 -14.0827 1
15.3199 -14.1076 1
15.319 -14.1326 1
15.318 -14.1576 1
15.317 -14.1826 1
15.316 -14.2076 1
15.315 -14.2325 1
15.3139 -14.2575 1
15.3128 -14.2825 1
15.3117 -14.3075 1
15.3105 -14.3324 1
15.3093 -14.3574 1
15.3081 -14.3824 1
15.3068 -14.4073 1
15.3055 -14.4323 1
15.3042 -14.4573 1
15.3028 -14.4822 1
15.3014 -14.5072 1
15.3 -14.5322 1
15.2985 -14.5571 1
15.297 -14.5821 1
15.2954 -14.607 1
15.2938 -14.632 1
15.2921 -14.6569 1
15.2905 -14.6819 1
15.2887 -14.7068 1
15.287 -14.7317 1
15.2853 -14.7567 1
15.2836 -14.7816 1
15.2819 -14.8066 1
15.2802 -14.8315 1
15.2785 -14.8564 1
15.2768 -14.8814 1
15.2751 -14.9063 1
15.2734 -14.9313 1
15.2716 -14.9562 1
15.2699 -14.9812 1
15.2682 -15.0061 1
15.2665 -15.031 1
15.2648 -15.056 1
15.2631 -15.0809 1
15.2614 -15.1059 1
15.2597 -15.1308 1
15.258 -15.1557 1
15.2563 -15.1807 1
15.2546 -15.2056 1
15.2529 -15.2306 1
15.2512 -15.2555 1
15.2496 -15.2805 1
15.2479 -15.3054 1
15.2462 -15.3303 1
15.2445 -15.3553 1
15.2429 -15.3802 1
15.2412 -15.4052 1
15.2395 -15.4301 1
15.2379 -15.4551 1
15.2362 -15.48 1
15.2346 -15.505 1
15.2329 -15.5299 1
15.2312 -15.5548 1
15.2296 -15.5798 1
15.2279 -15.6047 1
15.2262 -15.6297 1
15.2246 -15.6546 1
15.2229 -15.6796 1
15.2213 -15.7045 1
15.2196 -15.7295 1
15.218 -15.7544 1
15.2163 -15.7794 1
15.2147 -15.8043 1
15.213 -15.8292 1
15.2114 -15.8542 1
15.2097 -15.8791 1
15.2081 -15.9041 1
15.2065 -15.929 1
15.2048 -15.954 1
15.2032 -15.9789 1
15.2015 -16.0039 1
15.1999 -16.0288 1
15.1983 -16.0538 1
15.1967 -16.0787 1
15.195 -16.1037 1
15.1934 -16.1286 1
15.1918 -16.1536 1
15.1902 -16.1785 1
15.1886 -16.2034 1
15.187 -16.2284 1
15.1854 -16.2533 1
15.1838 -16.2783 1
15.1822 -16.3032 1
15.1805 -16.3282 1
15.1789 -16.3531 1
15.1773 -16.3781 1
15.1757 -16.403 1
15.1741 -16.428 1
15.1725 -16.4529 1
15.1709 -16.4779 1
15.1693 -16.5028 1
15.1677 -16.5278 1
15.1661 -16.5527 1
15.1645 -16.5777 1
15.1629 -16.6026 1
15.1613 -16.6276 1
15.1597 -16.6525 1
15.1582 -16.6775 1
15.1566 -16.7024 1
15.155 -16.7274 1
15.1534 -16.7523 1
15.1518 -16.7773 1
15.1502 -16.8022 1
15.1487 -16.8272 1
15.1471 -16.8521 1
15.1455 -16.8771 1
15.144 -16.902 1
15.1424 -16.927 1
15.1408 -16.9519 1
15.1393 -16.9769 1
15.1377 -17.0018 1
15.1361 -17.0268 1
15.1346 -17.0517 1
15.133 -17.0767 1
15.1314 -17.1016 1
15.1299 -17.1266 1
15.1283 -17.1515 1
15.1268 -17.1765 1
15.1252 -17.2014 1
15.1236 -17.2264 1
15.1221 -17.2513 1
15.1205 -17.2763 1
15.119 -17.3012 1
15.1174 -17.3262 1
15.1159 -17.3511 1
15.1143 -17.3761 1
15.1128 -17.4011 1
15.1112 -17.426 1
15.1097 -17.451 1
15.1081 -17.4759 1
15.1066 -17.5009 1
15.1051 -17.5258 1
15.1035 -17.5508 1
15.102 -17.5757 1
15.1004 -17.6007 1
15.0989 -17.6256 1
15.0974 -17.6506 1
15.0959 -17.6755 1
15.0943 -17.7005 1
15.0928 -17.7254 1
15.0913 -17.7504 1
15.0897 -17.7753 1
15.0882 -17.8003 1
15.0867 -17.8253 1
15.0852 -17.8502 1
15.0836 -17.8752 1
15.0821 -17.9001 1
15.0806 -17.9251 1
15.0791 -17.95 1
15.0776 -17.975 1
15.076 -17.9999 1
15.0745 -18.0249 1
15.073 -18.0498 1
15.0715 -18.0748 1
15.07 -18.0997 1
15.0685 -18.1247 1
15.0669 -18.1497 1
15.0654 -18.1746 1
15.0639 -18.1996 1
15.0624 -18.2245 1
15.0609 -18.2495 1
15.0594 -18.2744 1
15.0579 -18.2994 1
15.0564 -18.3243 1
15.0549 -18.3493 1
15.0534 -18.3742 1
15.0519 -18.3992 1
15.0504 -18.4241 1
15.0489 -18.4491 1
15.0474 -18.4741 1
15.0459 -18.499 1
15.0444 -18.524 1
15.0429 -18.5489 1
15.0414 -18.5739 1
15.0399 -18.5988 1
15.0384 -18.6238 1
15.0369 -18.6487 1
15.0354 -18.6737 1
15.0339 -18.6987 1
15.0324 -18.7236 1
15.0309 -18.7486 1
15.0295 -18.7735 1
15.028 -18.7985 1
15.0265 -18.8234 1
15.025 -18.8484 1
15.0235 -18.8733 1
15.022 -18.8983 1
15.0205 -18.9233 1
15.0191 -18.9482 1
15.0176 -18.9732 1
15.0161 -18.9981 1
15.0146 -19.0231 1
15.0131 -19.048 1
15.0116 -19.073 1
15.0102 -19.098 1
15.0087 -19.1229 1
15.0072 -19.1479 1
15.0057 -19.1728 1
15.0043 -19.1978 1
15.0028 -19.2227 1
15.0013 -19.2477 1
14.9998 -19.2726 1
14.9984 -19.2976 1
14.9969 -19.3226 1
14.9954 -19.3475 1
14.994 -19.3725 1
14.9925 -19.3974 1
14.991 -19.4224 1
14.9895 -19.4473 1
14.988 -19.4723 1
14.9864 -19.4972 1
14.9848 -19.5222 1
14.9831 -19.5471 1
14.9814 -19.5721 1
14.9797 -19.597 1
14.9779 -19.622 1
14.9761 -19.6469 1
14.9743 -19.6718 1
14.9725 -19.6968 1
14.9706 -19.7217 1
14.9688 -19.7466 1
14.9669 -19.7716 1
14.9651 -19.7965 1
14.9632 -19.8214 1
14.9614 -19.8463 1
14.9595 -19.8713 1
14.9576 -19.8962 1
14.9558 -19.9211 1
14.9539 -19.9461 1
14.952 -19.971 1
14.9502 -19.9959 1
14.9483 -20.0209 1
14.9465 -20.0458 1
14.9446 -20.0707 1
14.9428 -20.0957 1
14.941 -20.1206 1
14.9391 -20.1455 1
14.9373 -20.1705 1
14.9354 -20.1954 1
14.9335 -20.2203 1
14.9317 -20.2452 1
14.9298 -20.2702 1
14.9278 -20.2951 1
14.9259 -20.32 1
14.924 -20.3449 1
14.9221 -20.3699 1
14.9201 -20.3948 1
14.9182 -20.4197 1
14.9163 -20.4446 1
14.9143 -20.4696 1
14.9124 -20.4945 1
14.9104 -20.5194 1
14.9085 -20.5443 1
14.9066 -20.5693 1
14.9046 -20.5942 1
14.9027 -20.6191 1
14.9008 -20.644 1
14.8989 -20.669 1
14.897 -20.6939 1
14.8951 -20.7188 1
14.8932 -20.7438 1
14.8914 -20.7687 1
14.8896 -20.7936 1
14.8878 -20.8186 1
14.886 -20.8435 1
14.8841 -20.8684 1
14.8823 -20.8934 1
14.8805 -20.9183 1
14.8787 -20.9432 1
14.8768 -20.9682 1
14.8751 -20.9931 1
14.8734 -21.018 1
14.8718 -21.043 1
14.8703 -21.068 1
14.8689 -21.0929 1
14.8675 -21.1179 1
14.8663 -21.1428 1
14.8651 -21.1678 1
14.8641 -21.1928 1
14.8631 -21.2178 1
14.8622 -21.2428 1
14.8614 -21.2677 1
14.8607 -21.2927 1
14.86 -21.3177 1
14.8593 -21.3427 1
14.8587 -21.3677 1
14.8581 -21.3927 1
14.8575 -21.4177 1
14.8569 -21.4427 1
14.8564 -21.4677 1
14.8558 -21.4927 1
14.8553 -21.5177 1
14.8547 -21.5427 1
14.8541 -21.5677 1
14.8535 -21.5926 1
14.8529 -21.6176 1
14.8522 -21.6426 1
14.8516 -21.6676 1
14.8508 -21.6926 1
14.85 -21.7176 1
14.8493 -21.7426 1
14.8485 -21.7676 1
14.8476 -21.7926 1
14.8467 -21.8175 1
14.8458 -21.8425 1
14.8448 -21.8675 1
14.8437 -21.8925 1
14.8424 -21.9175 1
14.8411 -21.9424 1
14.8395 -21.9674 1
14.8408 -21.9923 1
14.8425 -22.0173 1
14.8447 -22.0422 1
14.8474 -22.067 1
14.8504 -22.0918 1
14.8538 -22.1166 1
14.8575 -22.1413 1
14.8614 -22.166 1
14.8649 -22.1908 1
14.8678 -22.2156 1
14.8703 -22.2405 1
14.8726 -22.2654 1
14.8747 -22.2903 1
14.8767 -22.3152 1
14.8786 -22.3401 1
14.8806 -22.3651 1
14.8825 -22.39 1
14.8844 -22.4149 1
14.8863 -22.4398 1
14.891 -22.4644 1
14.8955 -22.489 1
14.8998 -22.5136 1
14.9041 -22.5382 1
14.9084 -22.5629 1
14.9127 -22.5875 1
14.9171 -22.6121 1
14.9215 -22.6367 1
14.9259 -22.6613 1
14.9304 -22.6859 1
14.9349 -22.7105 1
14.9395 -22.7351 1
14.944 -22.7597 1
14.9487 -22.7842 1
14.9533 -22.8088 1
14.958 -22.8334 1
14.9628 -22.8579 1
14.9675 -22.8825 1
14.9723 -22.907 1
14.9771 -22.9315 1
14.982 -22.956 1
14.9869 -22.9806 1
14.9917 -23.0051 1
14.9966 -23.0296 1
15.0016 -23.0541 1
15.0065 -23.0786 1
15.0115 -23.1031 1
15.0165 -23.1276 1
15.0215 -23.1521 1
15.0265 -23.1766 1
15.0316 -23.2011 1
15.0366 -23.2256 1
15.0417 -23.25 1
15.0468 -23.2745 1
15.0518 -23.299 1
15.0569 -23.3235 1
15.062 -23.348 1
15.067 -23.3725 1
15.072 -23.397 1
15.0769 -23.4215 1
15.0816 -23.446 1
15.0862 -23.4706 1
15.0911 -23.4951 1
15.0958 -23.5197 1
15.1005 -23.5442 1
15.1051 -23.5688 1
15.1095 -23.5934 1
15.1136 -23.6181 1
15.1175 -23.6428 1
15.1212 -23.6675 1
15.1247 -23.6922 1
15.128 -23.717 1
15.1311 -23.7418 1
15.1339 -23.7667 1
15.1365 -23.7915 1
15.1388 -23.8164 1
15.1409 -23.8413 1
15.1428 -23.8663 1
15.1445 -23.8912 1
15.146 -23.9162 1
15.1473 -23.9411 1
15.1485 -23.9661 1
15.1494 -23.9911 1
15.1502 -24.0161 1
15.1509 -24.0411 1
15.1514 -24.0661 1
15.1517 -24.091 1
15.1519 -24.116 1
15.152 -24.141 1
15.1519 -24.166 1
15.1517 -24.191 1
15.1513 -24.216 1
15.1508 -24.241 1
15.1501 -24.266 1
15.1493 -24.291 1
15.1482 -24.316 1
15.147 -24.341 1
15.1455 -24.3659 1
15.1439 -24.3909 1
15.142 -24.4158 1
15.1399 -24.4407 1
15.1375 -24.4656 1
15.1347 -24.4904 1
15.1315 -24.5152 1
15.1277 -24.5399 1
15.1235 -24.5646 1
15.1187 -24.5891 1
15.1133 -24.6135 1
15.1075 -24.6378 1
15.1011 -24.662 1
15.0942 -24.686 1
15.0869 -24.71 1
15.0794 -24.7338 1
15.0716 -24.7576 1
15.0637 -24.7813 1
15.0556 -24.8049 1
15.0475 -24.8286 1
15.0393 -24.8522 1
15.0309 -24.8757 1
15.0222 -24.8992 1
15.0132 -24.9225 1
15.004 -24.9458 1
14.9946 -24.9689 1
14.9848 -24.9919 1
14.9749 -25.0149 1
14.9647 -25.0377 1
14.9543 -25.0604 1
14.9437 -25.083 1
14.9328 -25.1056 1
14.9217 -25.128 1
14.9104 -25.1503 1
14.8989 -25.1724 1
14.8871 -25.1945 1
14.8751 -25.2164 1
14.8629 -25.2383 1
14.8505 -25.26 1
14.8378 -25.2815 1
14.8249 -25.3029 1
14.8118 -25.3242 1
14.7984 -25.3453 1
14.7848 -25.3663 1
14.7709 -25.3871 1
14.7568 -25.4077 1
14.7424 -25.4282 1
14.7278 -25.4484 1
14.713 -25.4686 1
14.6979 -25.4885 1
14.6826 -25.5083 1
14.6672 -25.528 1
14.6516 -25.5475 1
14.6358 -25.5669 1
14.6198 -25.5861 1
14.6037 -25.6053 1
14.5875 -25.6243 1
14.571 -25.6431 1
14.5543 -25.6617 1
14.5374 -25.6801 1
14.5203 -25.6983 1
14.5029 -25.7163 1
14.4853 -25.734 1
14.4675 -25.7516 1
14.4495 -25.7689 1
14.4313 -25.786 1
14.4129 -25.8029 1
14.3942 -25.8196 1
14.3754 -25.836 1
14.3564 -25.8523 1
14.3372 -25.8683 1
14.3178 -25.8841 1
14.2983 -25.8997 1
14.2786 -25.9151 1
14.2588 -25.9303 1
14.2387 -25.9453 1
14.2186 -25.9601 1
14.1982 -25.9746 1
14.1778 -25.9889 1
14.1571 -26.003 1
14.1363 -26.0169 1
14.1153 -26.0305 1
14.0941 -26.0438 1
14.0727 -26.0566 1
14.0509 -26.0689 1
14.0289 -26.0807 1
14.0066 -26.0921 1
13.9841 -26.103 1
13.9613 -26.1131 1
13.9382 -26.1227 1
13.9149 -26.1319 1
13.8915 -26.1408 1
13.8681 -26.1495 1
13.8446 -26.1581 1
13.8211 -26.1664 1
13.7974 -26.1745 1
13.7737 -26.1823 1
13.7498 -26.1897 1
13.7258 -26.1968 1
13.7017 -26.2034 1
13.6774 -26.2095 1
13.6531 -26.215 1
13.6286 -26.22 1
13.604 -26.2245 1
13.5793 -26.2286 1
13.5546 -26.2322 1
13.5298 -26.2354 1
13.5049 -26.2382 1
13.4801 -26.2406 1
13.4552 -26.2427 1
13.4302 -26.2445 1
13.4053 -26.246 1
13.3803 -26.2471 1
13.3553 -26.2479 1
13.3303 -26.2483 1
13.3053 -26.2483 1
13.2803 -26.248 1
13.2553 -26.2472 1
13.2303 -26.2459 1
13.2054 -26.2441 1
13.1805 -26.2418 1
13.1557 -26.2389 1
13.1309 -26.2355 1
13.1063 -26.2314 1
13.0817 -26.2268 1
13.0572 -26.2217 1
13.0327 -26.2167 1
13.0084 -26.211 1
12.9842 -26.2047 1
12.96 -26.1982 1
12.936 -26.1913 1
12.912 -26.1843 1
12.8881 -26.1771 1
12.8642 -26.1696 1
12.8414 -26.1593 1
12.8183 -26.1499 1
12.7949 -26.1411 1
12.7715 -26.1322 1
12.7509 -26.118 1
12.73 -26.1044 1
12.7088 -26.0911 1
12.6874 -26.0782 1
12.6673 -26.0634 1
12.647 -26.0487 1
12.6262 -26.0349 1
12.6047 -26.022 1
12.583 -26.0097 1
12.5608 -25.9982 1
12.5383 -25.9872 1
12.5158 -25.9765 1
12.4932 -25.9657 1
12.4708 -25.9547 1
12.4484 -25.9434 1
12.4262 -25.932 1
12.404 -25.9205 1
12.3818 -25.909 1
12.3596 -25.8974 1
12.3375 -25.8857 1
12.3155 -25.874 1
12.2934 -25.8622 1
12.2714 -25.8504 1
12.2493 -25.8386 1
12.2273 -25.8268 1
12.2053 -25.815 1
12.1832 -25.8032 1
12.1611 -25.7915 1
12.139 -25.7798 1
12.1169 -25.7682 1
12.0946 -25.7568 1
12.0723 -25.7456 1
12.0499 -25.7345 1
12.0274 -25.7235 1
12.0051 -25.7123 1
11.9827 -25.7012 1
11.9603 -25.6901 1
11.9378 -25.6791 1
11.9154 -25.668 1
11.893 -25.6571 1
11.8703 -25.6466 1
11.8473 -25.6366 1
11.8243 -25.6269 1
11.8015 -25.6167 1
11.7786 -25.6066 1
11.7556 -25.5968 1
11.7326 -25.587 1
11.7096 -25.5773 1
11.6867 -25.5673 1
11.6636 -25.5576 1
11.6404 -25.5483 1
11.6173 -25.5388 1
11.5941 -25.5293 1
11.571 -25.5198 1
11.5472 -25.5122 1
11.5233 -25.5048 1
11.4994 -25.4976 1
11.4754 -25.4905 1
11.4514 -25.4836 1
11.4274 -25.4766 1
11.4036 -25.4691 1
11.3797 -25.4616 1
11.3558 -25.4543 1
11.3319 -25.4471 1
11.3079 -25.4399 1
11.284 -25.4327 1
11.26 -25.4255 1
11.2361 -25.4182 1
11.2122 -25.4107 1
11.1884 -25.4031 1
11.1647 -25.3954 1
11.1409 -25.3875 1
11.1173 -25.3794 1
11.0937 -25.371 1
11.0704 -25.3619 1
11.0473 -25.3526 1
11.0242 -25.343 1
11.0012 -25.3332 1
10.9783 -25.3232 1
10.9555 -25.3129 1
10.9328 -25.3023 1
10.9104 -25.2914 1
10.8881 -25.2801 1
10.8659 -25.2685 1
10.8439 -25.2566 1
10.8221 -25.2443 1
10.8006 -25.2317 1
10.7791 -25.2188 1
10.7579 -25.2056 1
10.7369 -25.192 1
10.7161 -25.1781 1
10.6954 -25.1642 1
10.6749 -25.1499 1
10.6546 -25.1353 1
10.6344 -25.1205 1
10.6144 -25.1056 1
10.5945 -25.0904 1
10.5748 -25.075 1
10.5553 -25.0594 1
10.5359 -25.0436 1
10.5166 -25.0277 1
10.4976 -25.0115 1
10.4786 -24.9951 1
10.4598 -24.9787 1
10.4411 -24.9621 1
10.4225 -24.9454 1
10.404 -24.9286 1
10.3856 -24.9117 1
10.3672 -24.8948 1
10.3489 -24.8777 1
10.3308 -24.8605 1
10.3128 -24.8432 1
10.2947 -24.8258 1
10.2769 -24.8084 1
10.259 -24.7908 1
10.2412 -24.7733 1
10.2234 -24.7557 1
10.2057 -24.7381 1
10.188 -24.7204 1
10.1705 -24.7026 1
10.1529 -24.6848 1
10.1355 -24.6669 1
10.1181 -24.649 1
10.1007 -24.631 1
10.0833 -24.6131 1
10.066 -24.595 1
10.0487 -24.577 1
10.0314 -24.5589 1
10.0142 -24.5407 1
9.99703 -24.5226 1
9.9799 -24.5044 1
9.9628 -24.4861 1
9.94572 -24.4679 1
9.92867 -24.4496 1
9.91164 -24.4313 1
9.89465 -24.413 1
9.87768 -24.3946 1
9.86073 -24.3762 1
9.84382 -24.3578 1
9.82693 -24.3394 1
9.81006 -24.3209 1
9.79322 -24.3025 1
9.77639 -24.284 1
9.75959 -24.2654 1
9.74281 -24.2469 1
9.72605 -24.2284 1
9.70932 -24.2098 1
9.6926 -24.1912 1
9.67589 -24.1726 1
9.65921 -24.154 1
9.64254 -24.1354 1
9.62591 -24.1167 1
9.60928 -24.098 1
9.59266 -24.0793 1
9.57607 -24.0606 1
9.55949 -24.0419 1
9.54291 -24.0232 1
9.52636 -24.0045 1
9.50982 -23.9857 1
9.4933 -23.967 1
9.47678 -23.9482 1
9.46028 -23.9294 1
9.44379 -23.9106 1
9.42731 -23.8918 1
9.41084 -23.873 1
9.39438 -23.8542 1
9.37793 -23.8354 1
9.3615 -23.8165 1
9.34508 -23.7977 1
9.32865 -23.7789 1
9.31225 -23.76 1
9.29585 -23.7411 1
9.27946 -23.7222 1
9.26308 -23.7034 1
9.2467 -23.6845 1
9.23034 -23.6656 1
9.21399 -23.6467 1
9.19763 -23.6277 1
9.18129 -23.6088 1
9.16496 -23.5899 1
9.14862 -23.571 1
9.1323 -23.552 1
9.11598 -23.5331 1
9.09968 -23.5141 1
9.08337 -23.4952 1
9.06707 -23.4762 1
9.05078 -23.4573 1
9.03449 -23.4383 1
9.01821 -23.4193 1
9.00193 -23.4004 1
8.98566 -23.3814 1
8.96939 -23.3624 1
8.95312 -23.3434 1
8.93685 -23.3244 1
8.92059 -23.3054 1
8.90433 -23.2865 1
8.88808 -23.2675 1
8.87183 -23.2485 1
8.85557 -23.2295 1
8.83933 -23.2105 1
8.82308 -23.1915 1
8.80682 -23.1725 1
8.79058 -23.1535 1
8.77432 -23.1345 1
8.75808 -23.1155 1
8.74184 -23.0965 1
8.72558 -23.0775 1
8.70933 -23.0585 1
8.69308 -23.0395 1
8.67681 -23.0205 1
8.66056 -23.0015 1
8.64429 -22.9825 1
8.62804 -22.9635 1
8.61177 -22.9445 1
8.59549 -22.9256 1
8.57922 -22.9066 1
8.56294 -22.8876 1
8.54666 -22.8686 1
8.53037 -22.8497 1
8.51407 -22.8307 1
8.49778 -22.8118 1
8.48147 -22.7928 1
8.46513 -22.7739 1
8.44882 -22.7549 1
8.43248 -22.736 1
8.41615 -22.7171 1
8.3998 -22.6982 1
8.38343 -22.6793 1
8.36707 -22.6604 1
8.35069 -22.6415 1
8.33428 -22.6226 1
8.31789 -22.6038 1
8.30147 -22.5849 1
8.28507 -22.566 1
8.26863 -22.5472 1
8.25218 -22.5284 1
8.23573 -22.5096 1
8.21926 -22.4907 1
8.20276 -22.472 1
8.18627 -22.4532 1
8.16975 -22.4344 1
8.15325 -22.4156 1
8.13671 -22.3969 1
8.12014 -22.3782 1
8.10359 -22.3594 1
8.087 -22.3407 1
8.07037 -22.3221 1
8.05375 -22.3034 1
8.03711 -22.2847 1
8.02047 -22.2661 1
8.00379 -22.2474 1
7.98708 -22.2288 1
7.97037 -22.2102 1
7.95363 -22.1917 1
7.93685 -22.1731 1
7.92008 -22.1546 1
7.90327 -22.1361 1
7.88649 -22.1176 1
7.86965 -22.0991 1
7.85277 -22.0807 1
7.83591 -22.0622 1
7.81899 -22.0438 1
7.80202 -22.0254 1
7.78507 -22.0071 1
7.76806 -21.9887 1
7.751 -21.9705 1
7.73396 -21.9522 1
7.71684 -21.9339 1
7.69976 -21.9157 1
7.6826 -21.8975 1
7.66537 -21.8794 1
7.64817 -21.8613 1
7.6309 -21.8432 1
7.61354 -21.8252 1
7.59622 -21.8072 1
7.57881 -21.7892 1
7.56133 -21.7714 1
7.54387 -21.7535 1
7.52632 -21.7357 1
7.5088 -21.7178 1
7.4912 -21.7001 1
7.4735 -21.6824 1
7.45582 -21.6647 1
7.43807 -21.6471 1
7.4202 -21.6296 1
7.40235 -21.6121 1
7.38441 -21.5947 1
7.36636 -21.5774 1
7.34833 -21.5601 1
7.33019 -21.5429 1
7.31194 -21.5258 1
7.29371 -21.5087 1
7.27534 -21.4918 1
7.25687 -21.4749 1
7.23838 -21.4581 1
7.21971 -21.4415 1
7.20089 -21.425 1
7.18203 -21.4086 1
7.16296 -21.3924 1
7.14372 -21.3765 1
7.12446 -21.3605 1
7.10502 -21.3448 1
7.08541 -21.3293 1
7.06579 -21.3138 1
7.04601 -21.2985 1
7.02596 -21.2836 1
7.00592 -21.2686 1
6.98565 -21.254 1
6.96507 -21.2398 1
6.94426 -21.226 1
6.92357 -21.2119 1
6.90271 -21.1981 1
6.88166 -21.1847 1
6.86042 -21.1715 1
6.83929 -21.1581 1
6.81787 -21.1452 1
6.79623 -21.1327 1
6.77443 -21.1205 1
6.7527 -21.1081 1
6.73074 -21.0962 1
6.70852 -21.0847 1
6.68612 -21.0736 1
6.66356 -21.0628 1
6.64063 -21.0529 1
6.6175 -21.0434 1
6.5942 -21.0343 1
6.57079 -21.0255 1
6.54746 -21.0166 1
6.52405 -21.0078 1
6.50061 -20.9991 1
6.47715 -20.9905 1
6.45367 -20.9819 1
6.43014 -20.9734 1
6.40602 -20.9669 1
6.38179 -20.9607 1
6.35747 -20.9549 1
6.33308 -20.9494 1
6.30863 -20.9442 1
6.2841 -20.9394 1
6.25948 -20.935 1
6.23478 -20.9311 1
6.21004 -20.9276 1
6.18526 -20.9243 1
6.16045 -20.9212 1
6.13623 -20.915 1
6.11192 -20.9091 1
6.08754 -20.9036 1
6.06311 -20.8983 1
6.03864 -20.8932 1
6.01411 -20.8884 1
5.98951 -20.8839 1
5.96486 -20.8797 1
5.94015 -20.8759 1
5.9154 -20.8724 1
5.89061 -20.8692 1
5.86578 -20.8663 1
5.84091 -20.8637 1
5.81601 -20.8614 1
5.79109 -20.8595 1
5.76614 -20.858 1
5.74117 -20.8567 1
5.71618 -20.8558 1
5.69119 -20.8553 1
5.66619 -20.855 1
5.64119 -20.8551 1
5.61619 -20.8556 1
5.59121 -20.8565 1
5.56625 -20.8579 1
5.54133 -20.8599 1
5.51648 -20.8626 1
5.49171 -20.866 1
5.46706 -20.8702 1
5.44252 -20.875 1
5.41811 -20.8804 1
5.39384 -20.8863 1
5.36971 -20.8929 1
5.34573 -20.9 1
5.32189 -20.9075 1
5.29822 -20.9155 1
5.27466 -20.9239 1
5.25119 -20.9325 1
5.22776 -20.9412 1
5.20432 -20.9499 1
5.18086 -20.9585 1
5.15733 -20.967 1
5.13391 -20.9757 1
5.11064 -20.9849 1
5.08752 -20.9944 1
5.06458 -21.0043 1
5.04182 -21.0147 1
5.01921 -21.0253 1
4.99675 -21.0363 1
4.97445 -21.0476 1
4.95232 -21.0593 1
4.93037 -21.0712 1
4.90859 -21.0835 1
4.88699 -21.0961 1
4.8656 -21.109 1
4.8444 -21.1223 1
4.82337 -21.1358 1
4.80252 -21.1496 1
4.78186 -21.1637 1
4.76134 -21.1779 1
4.74097 -21.1924 1
4.72071 -21.2071 1
4.70059 -21.2219 1
4.68059 -21.2369 1
4.6607 -21.2521 1
4.64092 -21.2674 1
4.62126 -21.2828 1
4.6017 -21.2984 1
4.58226 -21.3141 1
4.56298 -21.33 1
4.54385 -21.3461 1
4.5249 -21.3624 1
4.50612 -21.3789 1
4.48754 -21.3956 1
4.46914 -21.4126 1
4.4509 -21.4297 1
4.43285 -21.4469 1
4.41497 -21.4644 1
4.39728 -21.4821 1
4.37981 -21.5 1
4.3626 -21.5181 1
4.34562 -21.5365 1
4.32891 -21.5551 1
4.3125 -21.5739 1
4.29635 -21.593 1
4.28046 -21.6123 1
4.26484 -21.6318 1
4.24953 -21.6516 1
4.2345 -21.6716 1
4.21975 -21.6917 1
4.20529 -21.7121 1
4.1911 -21.7327 1
4.17714 -21.7535 1
4.16345 -21.7744 1
4.15005 -21.7955 1
4.13694 -21.8168 1
4.12408 -21.8382 1
4.11148 -21.8598 1
4.09915 -21.8815 1
4.0871 -21.9034 1
4.0753 -21.9255 1
4.06375 -21.9477 1
4.05245 -21.97 1
4.04141 -21.9924 1
4.03064 -22.015 1
4.02013 -22.0376 1
4.00986 -22.0604 1
3.99986 -22.0833 1
3.99013 -22.1064 1
3.9807 -22.1295 1
3.97153 -22.1528 1
3.96262 -22.1761 1
3.95395 -22.1996 1
3.94555 -22.2231 1
3.93742 -22.2468 1
3.92952 -22.2705 1
3.92183 -22.2943 1
3.91435 -22.3181 1
3.90711 -22.3421 1
3.90011 -22.3661 1
3.8933 -22.3901 1
3.88667 -22.4142 1
3.88024 -22.4384 1
3.87399 -22.4626 1
3.86791 -22.4868 1
3.86197 -22.5111 1
3.85619 -22.5354 1
3.8506 -22.5598 1
3.84521 -22.5842 1
3.84003 -22.6087 1
3.83505 -22.6332 1
3.83024 -22.6577 1
3.8256 -22.6823 1
3.82116 -22.7069 1
3.81688 -22.7315 1
3.81277 -22.7562 1
3.80884 -22.7809 1
3.80513 -22.8056 1
3.80165 -22.8303 1
3.79839 -22.8551 1
3.79534 -22.8799 1
3.79249 -22.9048 1
3.78983 -22.9296 1
3.78737 -22.9545 1
3.78508 -22.9794 1
3.78297 -23.0043 1
3.78102 -23.0292 1
3.77922 -23.0542 1
3.77755 -23.0791 1
3.77599 -23.1041 1
3.77454 -23.129 1
3.77317 -23.154 1
3.77191 -23.179 1
3.77078 -23.2039 1
3.76979 -23.2289 1
3.76893 -23.2539 1
3.76822 -23.2789 1
3.76766 -23.3039 1
3.7672 -23.3289 1
3.76675 -23.3539 1
3.76633 -23.3789 1
3.76593 -23.4039 1
3.76554 -23.4289 1
3.76517 -23.4539 1
3.76481 -23.4789 1
3.76447 -23.5039 1
3.76414 -23.5289 1
3.76382 -23.5539 1
3.76351 -23.5789 1
3.76322 -23.6039 1
3.76293 -23.6289 1
3.76266 -23.6539 1
3.7624 -23.6789 1
3.76214 -23.7038 1
3.76189 -23.7288 1
3.76165 -23.7538 1
3.76142 -23.7788 1
3.76119 -23.8038 1
3.76097 -23.8288 1
3.76075 -23.8538 1
3.76054 -23.8788 1
3.76033 -23.9038 1
3.76013 -23.9288 1
3.75993 -23.9538 1
3.75973 -23.9788 1
3.75953 -24.0038 1
3.75933 -24.0288 1
3.75914 -24.0538 1
3.75894 -24.0788 1
3.75874 -24.1038 1
3.75854 -24.1288 1
3.75833 -24.1538 1
3.75813 -24.1788 1
3.75791 -24.2038 1
3.75769 -24.2288 1
3.75747 -24.2538 1
3.75723 -24.2788 1
3.75699 -24.3038 1
3.75673 -24.3288 1
3.75646 -24.3538 1
3.75618 -24.3788 1
3.75588 -24.4038 1
3.75556 -24.4288 1
3.75523 -24.4538 1
3.75487 -24.4788 1
3.75449 -24.5038 1
3.75408 -24.5288 1
3.75364 -24.5538 1
3.75316 -24.5788 1
3.75265 -24.6038 1
3.7521 -24.6288 1
3.75151 -24.6538 1
3.75087 -24.6788 1
3.75017 -24.7038 1
3.74942 -24.7288 1
3.7486 -24.7537 1
3.74772 -24.7787 1
3.74675 -24.8037 1
3.74571 -24.8287 1
3.74457 -24.8537 1
3.74333 -24.8786 1
3.74198 -24.9036 1
3.74051 -24.9285 1
3.73901 -24.9535 1
3.7375 -24.9785 1
3.73599 -25.0034 1
3.73448 -25.0284 1
3.73297 -25.0533 1
3.73145 -25.0783 1
3.72994 -25.1032 1
3.72843 -25.1282 1
3.72691 -25.1531 1
3.7254 -25.1781 1
3.72388 -25.203 1
3.72237 -25.228 1
3.72086 -25.253 1
3.71934 -25.2779 1
3.71783 -25.3029 1
3.71632 -25.3278 1
3.71481 -25.3528 1
3.7133 -25.3777 1
3.71179 -25.4027 1
3.71028 -25.4276 1
3.70877 -25.4526 1
3.70727 -25.4775 1
3.70576 -25.5025 1
3.70426 -25.5274 1
3.70276 -25.5524 1
3.70126 -25.5774 1
3.69976 -25.6023 1
3.69826 -25.6273 1
3.69677 -25.6522 1
3.69527 -25.6772 1
3.69378 -25.7021 1
3.69229 -25.7271 1
3.6908 -25.752 1
3.68931 -25.777 1
3.68783 -25.802 1
3.68634 -25.8269 1
3.68485 -25.8519 1
3.68336 -25.8768 1
3.68187 -25.9018 1
3.68038 -25.9267 1
3.67889 -25.9517 1
3.6774 -25.9766 1
3.67591 -26.0016 1
3.67442 -26.0266 1
3.67293 -26.0515 1
3.67144 -26.0765 1
3.66996 -26.1014 1
3.66847 -26.1264 1
3.66699 -26.1513 1
3.6655 -26.1763 1
3.66402 -26.2012 1
3.66253 -26.2262 1
3.66105 -26.2512 1
3.65957 -26.2761 1
3.65809 -26.3011 1
3.65661 -26.326 1
3.65513 -26.351 1
3.65366 -26.3759 1
3.65218 -26.4009 1
3.65071 -26.4259 1
3.64923 -26.4508 1
3.64776 -26.4758 1
3.64629 -26.5007 1
3.64482 -26.5257 1
3.64335 -26.5506 1
3.64189 -26.5756 1
3.64042 -26.6006 1
3.63896 -26.6255 1
3.63749 -26.6505 1
3.63603 -26.6754 1
3.63456 -26.7004 1
3.6331 -26.7253 1
3.63163 -26.7503 1
3.63017 -26.7753 1
3.6287 -26.8002 1
3.62724 -26.8252 1
3.62577 -26.8501 1
3.62431 -26.8751 1
3.62285 -26.9 1
3.62138 -26.925 1
3.61992 -26.95 1
3.61846 -26.9749 1
3.617 -26.9999 1
3.61554 -27.0248 1
3.61408 -27.0498 1
3.61262 -27.0747 1
3.61116 -27.0997 1
3.6097 -27.1247 1
3.60825 -27.1496 1
3.60679 -27.1746 1
3.60533 -27.1995 1
3.60388 -27.2245 1
3.60243 -27.2494 1
3.60097 -27.2744 1
3.59952 -27.2994 1
3.59807 -27.3243 1
3.59662 -27.3493 1
3.59517 -27.3742 1
3.59372 -27.3992 1
3.59228 -27.4241 1
3.59083 -27.4491 1
3.58936 -27.4741 1
3.58785 -27.499 1
3.58627 -27.524 1
3.58462 -27.5489 1
3.5829 -27.5739 1
3.58109 -27.5988 1
3.57918 -27.6237 1
3.57718 -27.6486 1
3.57507 -27.6735 1
3.57284 -27.6984 1
3.57049 -27.7233 1
3.568 -27.7482 1
3.56537 -27.7731 1
3.56258 -27.7979 1
3.55964 -27.8227 1
3.55652 -27.8475 1
3.55323 -27.8723 1
3.54974 -27.8971 1
3.54604 -27.9218 1
3.54214 -27.9465 1
3.53795 -27.9711 1
3.5334 -27.9957 1
3.52845 -28.0202 1
3.5231 -28.0447 1
3.51731 -28.069 1
3.51113 -28.0932 1
3.50449 -28.1173 1
3.49738 -28.1413 1
3.48978 -28.1651 1
3.48188 -28.1888 1
3.47365 -28.2124 1
3.46508 -28.2359 1
3.45615 -28.2592 1
3.44682 -28.2824 1
3.43708 -28.3055 1
3.42699 -28.3283 1
3.41653 -28.351 1
3.40566 -28.3736 1
3.39438 -28.3959 1
3.38268 -28.418 1
3.37058 -28.4398 1
3.35808 -28.4615 1
3.34516 -28.4829 1
3.33183 -28.504 1
3.31807 -28.5249 1
3.3039 -28.5455 1
3.28931 -28.5658 1
3.27432 -28.5858 1
3.25895 -28.6055 1
3.24322 -28.625 1
3.22711 -28.6441 1
3.21067 -28.6629 1
3.19391 -28.6815 1
3.17676 -28.6997 1
3.15928 -28.7175 1
3.14145 -28.7351 1
3.12326 -28.7522 1
3.10474 -28.769 1
3.08589 -28.7854 1
3.0667 -28.8014 1
3.04722 -28.8171 1
3.0274 -28.8324 1
3.00726 -28.8472 1
2.9868 -28.8615 1
2.96603 -28.8754 1
2.94496 -28.8889 1
2.92358 -28.9019 1
2.90191 -28.9143 1
2.87999 -28.9263 1
2.85781 -28.9379 1
2.8354 -28.949 1
2.81277 -28.9596 1
2.78994 -28.9698 1
2.76692 -28.9795 1
2.7437 -28.9888 1
2.72032 -28.9977 1
2.69681 -29.0061 1
2.67317 -29.0143 1
2.64941 -29.0221 1
2.62552 -29.0294 1
2.6015 -29.0363 1
2.57736 -29.0428 1
2.55311 -29.0489 1
2.52876 -29.0546 1
2.50434 -29.0599 1
2.47984 -29.0649 1
2.45526 -29.0695 1
2.43063 -29.0738 1
2.40595 -29.0777 1
2.38121 -29.0814 1
2.35644 -29.0847 1
2.33163 -29.0878 1
2.30679 -29.0907 1
2.28193 -29.0933 1
2.25703 -29.0955 1
2.23211 -29.0975 1
2.20716 -29.0991 1
2.18219 -29.1002 1
2.1572 -29.1009 1
2.1322 -29.1011 1
2.1072 -29.1007 1
2.08222 -29.0997 1
2.05727 -29.0981 1
2.03237 -29.0958 1
2.00755 -29.0929 1
1.98281 -29.0893 1
1.9582 -29.0849 1
1.93372 -29.0798 1
1.90939 -29.074 1
1.88487 -29.0692 1
1.86058 -29.0633 1
1.83658 -29.0563 1
1.81285 -29.0484 1
1.78941 -29.0397 1
1.76625 -29.0303 1
1.74335 -29.0203 1
1.71942 -29.013 1
1.69566 -29.0053 1
1.67211 -28.9969 1
1.64879 -28.9879 1
1.62573 -28.9782 1
1.60305 -28.9677 1
1.58065 -28.9566 1
1.55855 -28.9449 1
1.53677 -28.9326 1
1.51536 -28.9197 1
1.49409 -28.9066 1
1.47326 -28.8927 1
1.45286 -28.8783 1
1.43257 -28.8637 1
1.41267 -28.8486 1
1.39315 -28.8329 1
1.37382 -28.8171 1
1.35482 -28.8008 1
1.33614 -28.7842 1
1.31777 -28.7673 1
1.29973 -28.75 1
1.28204 -28.7323 1
1.26467 -28.7143 1
1.24766 -28.696 1
1.23102 -28.6773 1
1.21478 -28.6583 1
1.19895 -28.639 1
1.18349 -28.6193 1
1.16845 -28.5994 1
1.15382 -28.5791 1
1.13962 -28.5585 1
1.1258 -28.5377 1
1.11244 -28.5166 1
1.09941 -28.4952 1
1.08671 -28.4737 1
1.07437 -28.4519 1
1.06237 -28.43 1
1.05076 -28.4079 1
1.03944 -28.3856 1
1.0285 -28.3631 1
1.01789 -28.3405 1
1.0078 -28.3176 1
0.997979 -28.2946 1
0.988401 -28.2715 1
0.979071 -28.2483 1
0.970034 -28.225 1
0.961372 -28.2016 1
0.952997 -28.178 1
0.944916 -28.1543 1
0.937104 -28.1306 1
0.929744 -28.1067 1
0.922571 -28.0828 1
0.915664 -28.0587 1
0.908941 -28.0346 1
0.902454 -28.0105 1
0.896234 -27.9863 1
0.890405 -27.962 1
0.884767 -27.9376 1
0.879323 -27.9132 1
0.874119 -27.8888 1
0.869251 -27.8642 1
0.864608 -27.8397 1
0.860301 -27.8151 1
0.856205 -27.7904 1
0.852407 -27.7657 1
0.848803 -27.7409 1
0.845442 -27.7162 1
0.842267 -27.6914 1
0.839306 -27.6665 1
0.836495 -27.6417 1
0.833905 -27.6168 1
0.831429 -27.592 1
0.829139 -27.5671 1
0.826924 -27.5422 1
0.82485 -27.5173 1
0.822816 -27.4923 1
0.82088 -27.4674 1
0.818952 -27.4425 1
0.81708 -27.4176 1
0.815185 -27.3926 1
0.813303 -27.3677 1
0.811365 -27.3428 1
0.8094 -27.3179 1
0.807347 -27.2929 1
0.805222 -27.268 1
0.802974 -27.2431 1
0.800611 -27.2182 1
0.798084 -27.1934 1
0.795395 -27.1685 1
0.792498 -27.1437 1
0.789428 -27.1189 1
0.786344 -27.0941 1
0.78326 -27.0693 1
0.780163 -27.0444 1
0.777054 -27.0196 1
0.773945 -26.9948 1
0.770827 -26.97 1
0.767709 -26.9452 1
0.764585 -26.9204 1
0.761462 -26.8956 1
0.758334 -26.8708 1
0.755209 -26.846 1
0.752082 -26.8212 1
0.74896 -26.7964 1
0.745837 -26.7716 1
0.742721 -26.7468 1
0.739605 -26.722 1
0.73649 -26.6972 1
0.733372 -26.6724 1
0.730256 -26.6476 1
0.727137 -26.6228 1
0.72402 -26.598 1
0.720902 -26.5732 1
0.717786 -26.5484 1
0.714668 -26.5235 1
0.711548 -26.4987 1
0.708432 -26.4739 1
0.705321 -26.4491 1
0.702218 -26.4243 1
0.699121 -26.3995 1
0.696033 -26.3747 1
0.69296 -26.3499 1
0.689888 -26.3251 1
0.686825 -26.3003 1
0.683765 -26.2755 1
0.680713 -26.2507 1
0.677663 -26.2258 1
0.674619 -26.201 1
0.671578 -26.1762 1
0.668544 -26.1514 1
0.665512 -26.1266 1
0.662486 -26.1018 1
0.659462 -26.0769 1
0.656445 -26.0521 1
0.65343 -26.0273 1
0.650421 -26.0025 1
0.647415 -25.9777 1
0.644414 -25.9529 1
0.641417 -25.928 1
0.638427 -25.9032 1
0.635439 -25.8784 1
0.632456 -25.8536 1
0.629475 -25.8288 1
0.626498 -25.8039 1
0.623524 -25.7791 1
0.620554 -25.7543 1
0.617589 -25.7295 1
0.614628 -25.7046 1
0.611673 -25.6798 1
0.608727 -25.655 1
0.605784 -25.6302 1
0.602849 -25.6053 1
0.599917 -25.5805 1
0.596993 -25.5557 1
0.594072 -25.5308 1
0.591158 -25.506 1
0.588248 -25.4812 1
0.585343 -25.4564 1
0.582442 -25.4315 1
0.579548 -25.4067 1
0.576657 -25.3819 1
0.573771 -25.357 1
0.570889 -25.3322 1
0.568012 -25.3074 1
0.56514 -25.2825 1
0.562274 -25.2577 1
0.559414 -25.2329 1
0.556563 -25.208 1
0.553717 -25.1832 1
0.550878 -25.1583 1
0.548044 -25.1335 1
0.545216 -25.1087 1
0.542394 -25.0838 1
0.539576 -25.059 1
0.536764 -25.0341 1
0.533959 -25.0093 1
0.531159 -24.9845 1
0.528367 -24.9596 1
0.525579 -24.9348 1
0.522796 -24.9099 1
0.520018 -24.8851 1
0.517245 -24.8602 1
0.514478 -24.8354 1
0.511716 -24.8105 1
0.508961 -24.7857 1
0.506214 -24.7608 1
0.503473 -24.736 1
0.500739 -24.7111 1
0.49801 -24.6863 1
0.495288 -24.6614 1
0.49257 -24.6366 1
0.489859 -24.6117 1
0.487154 -24.5869 1
0.484455 -24.562 1
0.481762 -24.5372 1
0.479077 -24.5123 1
0.476396 -24.4875 1
0.473721 -24.4626 1
0.471051 -24.4378 1
0.468388 -24.4129 1
0.465729 -24.388 1
0.463076 -24.3632 1
0.460427 -24.3383 1
0.457785 -24.3135 1
0.455146 -24.2886 1
0.452513 -24.2637 1
0.449885 -24.2389 1
0.447262 -24.214 1
0.444644 -24.1892 1
0.44203 -24.1643 1
0.439421 -24.1394 1
0.436818 -24.1146 1
0.434219 -24.0897 1
0.431626 -24.0648 1
0.429038 -24.04 1
0.426455 -24.0151 1
0.423876 -23.9902 1
0.421302 -23.9654 1
0.418732 -23.9405 1
0.416168 -23.9156 1
0.413608 -23.8908 1
0.411053 -23.8659 1
0.408502 -23.841 1
0.405956 -23.8162 1
0.403414 -23.7913 1
0.400878 -23.7664 1
0.398346 -23.7415 1
0.395818 -23.7167 1
0.393294 -23.6918 1
0.390776 -23.6669 1
0.388262 -23.6421 1
0.385753 -23.6172 1
0.383248 -23.5923 1
0.38075 -23.5674 1
0.378255 -23.5426 1
0.375764 -23.5177 1
0.373278 -23.4928 1
0.370796 -23.4679 1
0.368318 -23.443 1
0.365846 -23.4182 1
0.363378 -23.3933 1
0.360915 -23.3684 1
0.358456 -23.3435 1
0.356001 -23.3187 1
0.35355 -23.2938 1
0.351105 -23.2689 1
0.348664 -23.244 1
0.346229 -23.2191 1
0.343798 -23.1943 1
0.343655 -23.1693 1
0.342395 -23.1443 1
0.34 -23.1194 1
0.29 -23.0694 1
0.316813 -23.0232 0.651083
