0.29 -23.0694 1
0.289793 -23.024 1
0.289698 -22.999 1
0.28957 -22.974 1
0.289412 -22.949 1
0.289214 -22.924 1
0.288977 -22.899 1
0.28869 -22.874 1
0.288355 -22.849 1
0.287962 -22.824 1
0.287514 -22.799 1
0.286998 -22.774 1
0.286421 -22.749 1
0.285768 -22.724 1
0.285047 -22.6991 1
0.284244 -22.6741 1
0.283367 -22.6491 1
0.282402 -22.6241 1
0.281358 -22.5991 1
0.280222 -22.5741 1
0.279001 -22.5492 1
0.277683 -22.5242 1
0.276278 -22.4993 1
0.274771 -22.4743 1
0.273174 -22.4493 1
0.271473 -22.4244 1
0.269678 -22.3995 1
0.267775 -22.3745 1
0.265777 -22.3496 1
0.263669 -22.3247 1
0.261462 -22.2998 1
0.259143 -22.2749 1
0.256724 -22.25 1
0.254191 -22.2252 1
0.251555 -22.2003 1
0.248802 -22.1755 1
0.245945 -22.1506 1
0.242969 -22.1258 1
0.239891 -22.101 1
0.236795 -22.0762 1
0.233695 -22.0514 1
0.23058 -22.0266 1
0.227462 -22.0018 1
0.224331 -21.977 1
0.221199 -21.9522 1
0.218055 -21.9274 1
0.214912 -21.9026 1
0.211761 -21.8778 1
0.208612 -21.853 1
0.205457 -21.8282 1
0.202306 -21.8034 1
0.199151 -21.7786 1
0.196003 -21.7538 1
0.192853 -21.729 1
0.18971 -21.7041 1
0.186561 -21.6793 1
0.183414 -21.6545 1
0.180261 -21.6297 1
0.177111 -21.6049 1
0.173956 -21.5801 1
0.170804 -21.5553 1
0.167648 -21.5305 1
0.164496 -21.5057 1
0.161342 -21.4809 1
0.158191 -21.4561 1
0.15504 -21.4313 1
0.151894 -21.4065 1
0.148748 -21.3817 1
0.145608 -21.3569 1
0.142469 -21.3321 1
0.139336 -21.3073 1
0.136202 -21.2825 1
0.133071 -21.2577 1
0.129938 -21.2329 1
0.126809 -21.2081 1
0.123679 -21.1833 1
0.120553 -21.1585 1
0.117426 -21.1337 1
0.114304 -21.1089 1
0.111182 -21.0841 1
0.108065 -21.0593 1
0.104949 -21.0345 1
0.101838 -21.0097 1
0.098729 -20.9849 1
0.0956259 -20.9601 1
0.0925248 -20.9353 1
0.0894299 -20.9105 1
0.0863347 -20.8857 1
0.0832438 -20.8608 1
0.080153 -20.836 1
0.0770665 -20.8112 1
0.0739804 -20.7864 1
0.0708989 -20.7616 1
0.0678181 -20.7368 1
0.0647424 -20.712 1
0.0616675 -20.6872 1
0.058598 -20.6624 1
0.05553 -20.6376 1
0.0524674 -20.6127 1
0.0494069 -20.5879 1
0.0463521 -20.5631 1
0.0432997 -20.5383 1
0.0402537 -20.5135 1
0.0372086 -20.4887 1
0.0341679 -20.4639 1
0.0311282 -20.4391 1
0.028093 -20.4142 1
0.025059 -20.3894 1
0.0220296 -20.3646 1
0.0190018 -20.3398 1
0.0159785 -20.315 1
0.0129573 -20.2902 1
0.00994079 -20.2653 1
0.00692642 -20.2405 1
0.00391738 -20.2157 1
0.000910639 -20.1909 1
-0.00209076 -20.1661 1
-0.00508931 -20.1412 1
-0.00808251 -20.1164 1
-0.0110729 -20.0916 1
-0.0140592 -20.0668 1
-0.0170436 -20.042 1
-0.0200238 -20.0171 1
-0.0230024 -19.9923 1
-0.0259763 -19.9675 1
-0.0289481 -19.9427 1
-0.0319154 -19.9178 1
-0.0348806 -19.893 1
-0.0378408 -19.8682 1
-0.0407987 -19.8434 1
-0.0437516 -19.8186 1
-0.0467017 -19.7937 1
-0.0496469 -19.7689 1
-0.052589 -19.7441 1
-0.0555261 -19.7192 1
-0.0584596 -19.6944 1
-0.06139 -19.6696 1
-0.0643163 -19.6448 1
-0.0672397 -19.6199 1
-0.0701593 -19.5951 1
-0.0730754 -19.5703 1
-0.0759874 -19.5454 1
-0.0788957 -19.5206 1
-0.0817998 -19.4958 1
-0.0846999 -19.471 1
-0.0875961 -19.4461 1
-0.0904872 -19.4213 1
-0.0933738 -19.3965 1
-0.096255 -19.3716 1
-0.0991311 -19.3468 1
-0.102001 -19.322 1
-0.104866 -19.2971 1
-0.107725 -19.2723 1
-0.110579 -19.2474 1
-0.113427 -19.2226 1
-0.116271 -19.1978 1
-0.119108 -19.1729 1
-0.12194 -19.1481 1
-0.124764 -19.1233 1
-0.127581 -19.0984 1
-0.13039 -19.0736 1
-0.133189 -19.0487 1
-0.13598 -19.0239 1
-0.13877 -18.999 1
-0.141548 -18.9742 1
-0.144319 -18.9494 1
-0.147075 -18.9245 1
-0.149823 -18.8997 1
-0.152558 -18.8748 1
-0.155278 -18.85 1
-0.157993 -18.8251 1
-0.160699 -18.8003 1
-0.163395 -18.7754 1
-0.166093 -18.7505 1
-0.16877 -18.7257 1
-0.171437 -18.7008 1
-0.174078 -18.676 1
-0.176703 -18.6511 1
-0.179301 -18.6262 1
-0.181858 -18.6014 1
-0.184406 -18.5765 1
-0.186945 -18.5516 1
-0.189477 -18.5268 1
-0.192002 -18.5019 1
-0.194521 -18.477 1
-0.197085 -18.4521 1
-0.199601 -18.4273 1
-0.202089 -18.4024 1
-0.204543 -18.3775 1
-0.206979 -18.3526 1
-0.209395 -18.3278 1
-0.211747 -18.3029 1
-0.21409 -18.278 1
-0.216421 -18.2531 1
-0.218744 -18.2282 1
-0.221058 -18.2033 1
-0.223365 -18.1784 1
-0.225784 -18.1535 1
-0.228107 -18.1286 1
-0.230345 -18.1037 1
-0.232505 -18.0788 1
-0.234592 -18.0539 1
-0.236615 -18.029 1
-0.238634 -18.0041 1
-0.240558 -17.9792 1
-0.242401 -17.9542 1
-0.244183 -17.9293 1
-0.245905 -17.9043 1
-0.247605 -17.8794 1
-0.249285 -17.8545 1
-0.250978 -17.8295 1
-0.25269 -17.8046 1
-0.254448 -17.7796 1
-0.256434 -17.7547 1
-0.25839 -17.7298 1
-0.260308 -17.7049 1
-0.262196 -17.6799 1
-0.26404 -17.655 1
-0.265877 -17.6301 1
-0.267938 -17.6052 1
-0.269891 -17.5802 1
-0.271682 -17.5553 1
-0.273391 -17.5304 1
-0.275077 -17.5054 1
-0.276672 -17.4805 1
-0.278106 -17.4555 1
-0.279467 -17.4305 1
-0.280728 -17.4056 1
-0.281921 -17.3806 1
-0.283232 -17.3556 1
-0.284351 -17.3307 1
-0.285236 -17.3057 1
-0.285899 -17.2807 1
-0.28631 -17.2557 1
-0.286457 -17.2307 1
-0.286311 -17.2057 1
-0.285856 -17.1807 1
-0.284986 -17.1557 1
-0.283806 -17.1307 1
-0.281537 -17.1058 1
-0.279349 -17.0809 1
-0.277362 -17.056 1
-0.275317 -17.0311 1
-0.273249 -17.0062 1
-0.271048 -16.9813 1
-0.268725 -16.9564 1
-0.266197 -16.9315 1
-0.259158 -16.9075 1
-0.252107 -16.8835 1
-0.245043 -16.8596 1
-0.237837 -16.8356 1
-0.230414 -16.8118 1
-0.222789 -16.7879 1
-0.214828 -16.7642 1
-0.206878 -16.7405 1
-0.198405 -16.717 1
-0.189597 -16.6936 1
-0.180436 -16.6704 1
-0.170848 -16.6473 1
-0.160914 -16.6243 1
-0.150976 -16.6014 1
-0.140547 -16.5787 1
-0.129485 -16.5563 1
-0.118018 -16.534 1
-0.106237 -16.512 1
-0.093988 -16.4902 1
-0.081167 -16.4687 1
-0.0679069 -16.4475 1
-0.0544568 -16.4265 1
-0.0403985 -16.4058 1
-0.0258216 -16.3855 1
-0.010708 -16.3656 1
0.00452468 -16.3457 1
0.0203482 -16.3264 1
0.0367129 -16.3075 1
0.0532937 -16.2888 1
0.0704236 -16.2706 1
0.0879218 -16.2527 1
0.105858 -16.2353 1
0.124113 -16.2182 1
0.142824 -16.2016 1
0.162051 -16.1857 1
0.18176 -16.1703 1
0.201761 -16.1553 1
0.222218 -16.1409 1
0.242902 -16.1269 1
0.264186 -16.1138 1
0.285818 -16.1012 1
0.307827 -16.0894 1
0.330124 -16.0781 1
0.352605 -16.0671 1
0.37529 -16.0566 1
0.398133 -16.0465 1
0.421201 -16.0368 1
0.444636 -16.0281 1
0.468064 -16.0194 1
0.491872 -16.0118 1
0.515821 -16.0046 1
0.539905 -15.9979 1
0.56415 -15.9918 1
0.588485 -15.9861 1
0.612928 -15.9808 1
0.637439 -15.9759 1
0.662029 -15.9714 1
0.686672 -15.9672 1
0.711377 -15.9633 1
0.736127 -15.9598 1
0.760927 -15.9567 1
0.785763 -15.9538 1
0.810639 -15.9513 1
0.835544 -15.9491 1
0.860483 -15.9474 1
0.885441 -15.9459 1
0.910419 -15.9449 1
0.935407 -15.9441 1
0.960402 -15.9436 1
0.985401 -15.9434 1
1.0104 -15.9436 1
1.0354 -15.944 1
1.06038 -15.9449 1
1.08536 -15.9459 1
1.11033 -15.9471 1
1.13529 -15.9486 1
1.16023 -15.9503 1
1.18515 -15.9523 1
1.21006 -15.9544 1
1.23495 -15.9567 1
1.25983 -15.9592 1
1.28468 -15.9619 1
1.3095 -15.9649 1
1.3343 -15.9681 1
1.35907 -15.9714 1
1.38384 -15.9749 1
1.40859 -15.9784 1
1.43333 -15.9819 1
1.45807 -15.9856 1
1.4828 -15.9892 1
1.50752 -15.9929 1
1.53224 -15.9967 1
1.55695 -16.0005 1
1.58166 -16.0043 1
1.60637 -16.0081 1
1.63107 -16.012 1
1.65577 -16.0158 1
1.68046 -16.0197 1
1.7051 -16.024 1
1.72967 -16.0286 1
1.75416 -16.0336 1
1.77856 -16.0391 1
1.80283 -16.045 1
1.82696 -16.0516 1
1.85092 -16.0587 1
1.87467 -16.0665 1
1.8983 -16.0747 1
1.92187 -16.083 1
1.94539 -16.0915 1
1.96887 -16.1001 1
1.9923 -16.1088 1
2.0157 -16.1176 1
2.03924 -16.126 1
2.06295 -16.1339 1
2.08684 -16.1413 1
2.11091 -16.1481 1
2.13513 -16.1543 1
2.15949 -16.1599 1
2.18398 -16.1649 1
2.20857 -16.1694 1
2.23308 -16.1744 1
2.25747 -16.1798 1
2.28169 -16.186 1
2.30548 -16.1937 1
2.32903 -16.2021 1
2.35278 -16.2099 1
2.37623 -16.2186 1
2.39951 -16.2277 1
2.42265 -16.2372 1
2.44568 -16.2469 1
2.46862 -16.2568 1
2.49149 -16.2669 1
2.51445 -16.2768 1
2.53759 -16.2863 1
2.56096 -16.2952 1
2.58453 -16.3035 1
2.60834 -16.3111 1
2.63234 -16.3181 1
2.65635 -16.3251 1
2.68027 -16.3323 1
2.70405 -16.34 1
2.72764 -16.3483 1
2.75094 -16.3574 1
2.77387 -16.3673 1
2.79667 -16.3776 1
2.81942 -16.388 1
2.84215 -16.3984 1
2.86486 -16.4088 1
2.88756 -16.4193 1
2.91065 -16.4289 1
2.93385 -16.4382 1
2.95742 -16.4465 1
2.98113 -16.4545 1
3.00448 -16.4634 1
3.02806 -16.4717 1
3.05165 -16.48 1
3.07528 -16.4881 1
3.09894 -16.4962 1
3.12262 -16.5042 1
3.14631 -16.5122 1
3.16998 -16.5203 1
3.19364 -16.5283 1
3.21728 -16.5365 1
3.24103 -16.5443 1
3.26473 -16.5522 1
3.28834 -16.5604 1
3.31181 -16.5691 1
3.3352 -16.5779 1
3.35854 -16.5868 1
3.38185 -16.5959 1
3.40516 -16.6049 1
3.42846 -16.614 1
3.45181 -16.6229 1
3.47526 -16.6316 1
3.49885 -16.6399 1
3.52258 -16.6477 1
3.5465 -16.655 1
3.57058 -16.6617 1
3.59482 -16.6678 1
3.6191 -16.6738 1
3.64338 -16.6797 1
3.66764 -16.6858 1
3.6919 -16.6918 1
3.71614 -16.6979 1
3.74052 -16.7034 1
3.7648 -16.7094 1
3.78901 -16.7157 1
3.8132 -16.722 1
3.83733 -16.7285 1
3.86137 -16.7354 1
3.88528 -16.7427 1
3.90902 -16.7505 1
3.93254 -16.759 1
3.95576 -16.7683 1
3.97894 -16.7776 1
4.00213 -16.787 1
4.02533 -16.7963 1
4.04856 -16.8055 1
4.07181 -16.8147 1
4.09518 -16.8236 1
4.11878 -16.8318 1
4.14259 -16.8394 1
4.1666 -16.8464 1
4.1908 -16.8527 1
4.21515 -16.8583 1
4.23964 -16.8634 1
4.26424 -16.8678 1
4.28884 -16.8723 1
4.31354 -16.8761 1
4.33799 -16.8814 1
4.36206 -16.8881 1
4.38584 -16.8958 1
4.4093 -16.9045 1
4.4325 -16.9138 1
4.45556 -16.9234 1
4.47864 -16.933 1
4.50175 -16.9426 1
4.52487 -16.9521 1
4.5482 -16.9611 1
4.57149 -16.9702 1
4.59493 -16.9789 1
4.61869 -16.9866 1
4.64224 -16.995 1
4.66613 -17.0024 1
4.69028 -17.0088 1
4.71459 -17.0147 1
4.739 -17.0201 1
4.76345 -17.0253 1
4.78793 -17.0304 1
4.81243 -17.0354 1
4.83694 -17.0403 1
4.86159 -17.0445 1
4.88612 -17.0492 1
4.91047 -17.0549 1
4.93485 -17.0605 1
4.95923 -17.066 1
4.98358 -17.0717 1
5.00781 -17.0778 1
5.03197 -17.0842 1
5.05615 -17.0906 1
5.08024 -17.0973 1
5.10428 -17.1041 1
5.12833 -17.1109 1
5.15245 -17.1175 1
5.17651 -17.1243 1
5.20045 -17.1315 1
5.22419 -17.1394 1
5.24765 -17.148 1
5.27072 -17.1576 1
5.29247 -17.17 1
5.31477 -17.1813 1
5.33737 -17.1919 1
5.35971 -17.2032 1
5.38212 -17.2143 1
5.40498 -17.2244 1
5.42819 -17.2337 1
5.45184 -17.2418 1
5.47562 -17.2495 1
5.49968 -17.2563 1
5.52381 -17.2628 1
5.54784 -17.2697 1
5.57189 -17.2765 1
5.59588 -17.2836 1
5.61991 -17.2905 1
5.64401 -17.2971 1
5.66817 -17.3035 1
5.69239 -17.3097 1
5.7167 -17.3156 1
5.74105 -17.3212 1
5.76531 -17.3273 1
5.78945 -17.3338 1
5.81342 -17.3409 1
5.83718 -17.3487 1
5.86061 -17.3574 1
5.88366 -17.367 1
5.90666 -17.3769 1
5.92974 -17.3865 1
5.95285 -17.396 1
5.97605 -17.4053 1
5.9993 -17.4145 1
6.02274 -17.4232 1
6.04646 -17.4311 1
6.07048 -17.438 1
6.09472 -17.4441 1
6.11914 -17.4495 1
6.14367 -17.4543 1
6.16833 -17.4584 1
6.19308 -17.462 1
6.2179 -17.4649 1
6.24276 -17.4675 1
6.26767 -17.4697 1
6.29256 -17.4721 1
6.31745 -17.4744 1
6.34235 -17.4766 1
6.36725 -17.4788 1
6.39215 -17.4811 1
6.41705 -17.4833 1
6.44194 -17.4856 1
6.46684 -17.4879 1
6.49171 -17.4905 1
6.51659 -17.4929 1
6.54146 -17.4955 1
6.56633 -17.498 1
6.59122 -17.5003 1
6.61612 -17.5025 1
6.64101 -17.5049 1
6.6659 -17.5072 1
6.6908 -17.5094 1
6.71572 -17.5115 1
6.74067 -17.513 1
6.76563 -17.5144 1
6.79061 -17.5155 1
6.81559 -17.5166 1
6.84057 -17.5175 1
6.86556 -17.5183 1
6.89053 -17.5194 1
6.91552 -17.5201 1
6.94052 -17.5205 1
6.96552 -17.5203 1
6.98985 -17.5145 1
7.01404 -17.5082 1
7.03807 -17.5013 1
7.06198 -17.494 1
7.08566 -17.486 1
7.10911 -17.4773 1
7.13279 -17.4693 1
7.15635 -17.461 1
7.17974 -17.4521 1
7.20296 -17.4429 1
7.22594 -17.433 1
7.24866 -17.4226 1
7.27119 -17.4118 1
7.29356 -17.4006 1
7.31562 -17.3888 1
7.33736 -17.3765 1
7.35908 -17.3641 1
7.38043 -17.3511 1
7.40143 -17.3376 1
7.42212 -17.3235 1
7.44263 -17.3092 1
7.46284 -17.2945 1
7.48275 -17.2794 1
7.50237 -17.2639 1
7.52176 -17.2481 1
7.54094 -17.2321 1
7.55961 -17.2155 1
7.57816 -17.1987 1
7.59669 -17.1819 1
7.61463 -17.1645 1
7.6325 -17.147 1
7.65037 -17.1295 1
7.66765 -17.1115 1
7.68488 -17.0934 1
7.70207 -17.0752 1
7.71871 -17.0565 1
7.73531 -17.0378 1
7.75137 -17.0187 1
7.76738 -16.9995 1
7.78329 -16.9802 1
7.79896 -16.9607 1
7.81446 -16.9411 1
7.82978 -16.9214 1
7.8449 -16.9015 1
7.85982 -16.8814 1
7.87432 -16.861 1
7.88869 -16.8406 1
7.90295 -16.82 1
7.91698 -16.7993 1
7.9308 -16.7785 1
7.94452 -16.7576 1
7.95798 -16.7365 1
7.97098 -16.7152 1
7.98383 -16.6937 1
7.99667 -16.6723 1
8.00925 -16.6507 1
8.02155 -16.6289 1
8.03355 -16.607 1
8.04549 -16.585 1
8.0572 -16.5629 1
8.06861 -16.5407 1
8.07965 -16.5183 1
8.09074 -16.4959 1
8.10152 -16.4733 1
8.11203 -16.4506 1
8.12221 -16.4278 1
8.13202 -16.4048 1
8.1419 -16.3818 1
8.15151 -16.3587 1
8.16073 -16.3355 1
8.16948 -16.3121 1
8.17793 -16.2886 1
8.18586 -16.2649 1
8.19397 -16.2412 1
8.20159 -16.2174 1
8.20886 -16.1935 1
8.21578 -16.1695 1
8.22228 -16.1453 1
8.22849 -16.1211 1
8.23425 -16.0968 1
8.23977 -16.0724 1
8.24499 -16.0479 1
8.2499 -16.0234 1
8.25441 -15.9988 1
8.25858 -15.9742 1
8.26236 -15.9495 1
8.26576 -15.9247 1
8.2686 -15.8999 1
8.2711 -15.875 1
8.27325 -15.8501 1
8.27506 -15.8251 1
8.27651 -15.8002 1
8.27764 -15.7752 1
8.2783 -15.7502 1
8.27871 -15.7252 1
8.27889 -15.7002 1
8.27879 -15.6752 1
8.2783 -15.6502 1
8.2776 -15.6252 1
8.27665 -15.6003 1
8.27551 -15.5753 1
8.2741 -15.5503 1
8.27249 -15.5254 1
8.27056 -15.5005 1
8.26849 -15.4755 1
8.26616 -15.4506 1
8.26371 -15.4258 1
8.26111 -15.4009 1
8.25836 -15.3761 1
8.25546 -15.3512 1
8.25237 -15.3264 1
8.24899 -15.3016 1
8.24548 -15.2769 1
8.24189 -15.2522 1
8.23818 -15.2274 1
8.23438 -15.2027 1
8.23048 -15.178 1
8.22644 -15.1534 1
8.22229 -15.1287 1
8.21809 -15.1041 1
8.21381 -15.0794 1
8.20949 -15.0548 1
8.20511 -15.0302 1
8.2007 -15.0056 1
8.19624 -14.981 1
8.19177 -14.9564 1
8.18723 -14.9318 1
8.18262 -14.9072 1
8.17793 -14.8827 1
8.17319 -14.8581 1
8.16837 -14.8336 1
8.16353 -14.8091 1
8.15863 -14.7846 1
8.1537 -14.76 1
8.14873 -14.7355 1
8.14374 -14.711 1
8.13871 -14.6866 1
8.13363 -14.6621 1
8.12848 -14.6376 1
8.1233 -14.6132 1
8.11807 -14.5887 1
8.11281 -14.5643 1
8.1075 -14.5398 1
8.10218 -14.5154 1
8.09682 -14.491 1
8.09145 -14.4666 1
8.08602 -14.4422 1
8.08056 -14.4178 1
8.07504 -14.3934 1
8.06949 -14.369 1
8.0639 -14.3447 1
8.05826 -14.3203 1
8.05261 -14.2959 1
8.04693 -14.2716 1
8.04123 -14.2473 1
8.03549 -14.2229 1
8.02971 -14.1986 1
8.02389 -14.1743 1
8.01804 -14.15 1
8.01216 -14.1257 1
8.00626 -14.1014 1
8.00033 -14.0771 1
7.99438 -14.0528 1
7.98841 -14.0285 1
7.9824 -14.0043 1
7.97636 -13.98 1
7.9703 -13.9558 1
7.9642 -13.9315 1
7.95809 -13.9073 1
7.95195 -13.883 1
7.94579 -13.8588 1
7.93961 -13.8346 1
7.93341 -13.8104 1
7.92717 -13.7862 1
7.92091 -13.762 1
7.91461 -13.7378 1
7.9083 -13.7136 1
7.90197 -13.6894 1
7.89562 -13.6652 1
7.88925 -13.641 1
7.88285 -13.6169 1
7.87642 -13.5927 1
7.86997 -13.5686 1
7.86349 -13.5444 1
7.85699 -13.5203 1
7.85047 -13.4961 1
7.84393 -13.472 1
7.83738 -13.4479 1
7.83079 -13.4238 1
7.82418 -13.3997 1
7.81755 -13.3755 1
7.8109 -13.3514 1
7.80423 -13.3274 1
7.79754 -13.3033 1
7.79084 -13.2792 1
7.78412 -13.2551 1
7.77737 -13.231 1
7.7706 -13.207 1
7.76381 -13.1829 1
7.75701 -13.1588 1
7.75018 -13.1348 1
7.74335 -13.1107 1
7.73649 -13.0867 1
7.72961 -13.0627 1
7.72271 -13.0386 1
7.71579 -13.0146 1
7.70885 -12.9906 1
7.7019 -12.9666 1
7.69492 -12.9426 1
7.68794 -12.9186 1
7.68093 -12.8946 1
7.67389 -12.8706 1
7.66684 -12.8466 1
7.65976 -12.8226 1
7.65267 -12.7987 1
7.64556 -12.7747 1
7.63844 -12.7507 1
7.6313 -12.7268 1
7.62413 -12.7028 1
7.61694 -12.6789 1
7.60973 -12.6549 1
7.60251 -12.631 1
7.59527 -12.6071 1
7.58801 -12.5831 1
7.58074 -12.5592 1
7.57343 -12.5353 1
7.56611 -12.5114 1
7.55877 -12.4875 1
7.55142 -12.4636 1
7.54405 -12.4397 1
7.53666 -12.4159 1
7.52924 -12.392 1
7.52181 -12.3681 1
7.51436 -12.3442 1
7.50688 -12.3204 1
7.49939 -12.2965 1
7.49188 -12.2727 1
7.48435 -12.2489 1
7.4768 -12.225 1
7.46922 -12.2012 1
7.46162 -12.1774 1
7.45402 -12.1536 1
7.44639 -12.1298 1
7.43875 -12.106 1
7.43107 -12.0822 1
7.42338 -12.0584 1
7.41566 -12.0346 1
7.40793 -12.0108 1
7.40018 -11.9871 1
7.39242 -11.9633 1
7.38462 -11.9395 1
7.37681 -11.9158 1
7.36896 -11.892 1
7.3611 -11.8683 1
7.35321 -11.8446 1
7.34531 -11.8209 1
7.33738 -11.7972 1
7.32942 -11.7735 1
7.32144 -11.7498 1
7.31343 -11.7261 1
7.3054 -11.7024 1
7.29735 -11.6787 1
7.28929 -11.6551 1
7.28119 -11.6314 1
7.27306 -11.6078 1
7.2649 -11.5842 1
7.25672 -11.5605 1
7.24851 -11.5369 1
7.2403 -11.5133 1
7.23204 -11.4897 1
7.22375 -11.4661 1
7.21542 -11.4426 1
7.20708 -11.419 1
7.1987 -11.3954 1
7.19031 -11.3719 1
7.18187 -11.3484 1
7.1734 -11.3248 1
7.16489 -11.3013 1
7.15636 -11.2778 1
7.14781 -11.2543 1
7.13923 -11.2308 1
7.13061 -11.2074 1
7.12194 -11.1839 1
7.11325 -11.1605 1
7.10451 -11.1371 1
7.09576 -11.1137 1
7.08697 -11.0903 1
7.07813 -11.0669 1
7.06924 -11.0435 1
7.0603 -11.0202 1
7.05134 -10.9968 1
7.04235 -10.9735 1
7.0333 -10.9502 1
7.02418 -10.9269 1
7.01501 -10.9036 1
7.0058 -10.8804 1
6.99656 -10.8572 1
6.98726 -10.834 1
6.9779 -10.8108 1
6.96844 -10.7876 1
6.95896 -10.7645 1
6.94941 -10.7414 1
6.93986 -10.7183 1
6.93018 -10.6953 1
6.9204 -10.6722 1
6.91057 -10.6493 1
6.90068 -10.6263 1
6.89076 -10.6034 1
6.88071 -10.5805 1
6.87059 -10.5576 1
6.86036 -10.5348 1
6.85011 -10.512 1
6.83978 -10.4892 1
6.82928 -10.4665 1
6.81859 -10.4439 1
6.80776 -10.4214 1
6.79687 -10.3989 1
6.78584 -10.3765 1
6.77464 -10.3541 1
6.76323 -10.3319 1
6.75177 -10.3097 1
6.74017 -10.2875 1
6.72842 -10.2654 1
6.71645 -10.2435 1
6.7043 -10.2216 1
6.69212 -10.1998 1
6.67972 -10.1781 1
6.66716 -10.1565 1
6.6544 -10.135 1
6.64162 -10.1135 1
6.6286 -10.0922 1
6.61535 -10.071 1
6.60194 -10.0499 1
6.58834 -10.0289 1
6.57463 -10.008 1
6.56067 -9.98724 1
6.54653 -9.96662 1
6.53215 -9.94617 1
6.51752 -9.9259 1
6.50275 -9.90573 1
6.48772 -9.88575 1
6.47244 -9.86596 1
6.45688 -9.8464 1
6.44106 -9.82703 1
6.42495 -9.80792 1
6.40858 -9.78903 1
6.39198 -9.77034 1
6.37514 -9.75186 1
6.35806 -9.7336 1
6.34081 -9.7155 1
6.3233 -9.69766 1
6.30555 -9.68005 1
6.28763 -9.66262 1
6.26948 -9.64543 1
6.25113 -9.62845 1
6.23271 -9.61155 1
6.21405 -9.59491 1
6.1952 -9.57849 1
6.17635 -9.56207 1
6.15723 -9.54596 1
6.1379 -9.53011 1
6.11854 -9.51429 1
6.09892 -9.49879 1
6.07912 -9.48354 1
6.05925 -9.46837 1
6.03913 -9.45353 1
6.01885 -9.4389 1
5.99844 -9.42447 1
5.9779 -9.41022 1
5.95711 -9.39633 1
5.93607 -9.38282 1
5.91466 -9.36992 1
5.89328 -9.35696 1
5.87167 -9.3444 1
5.84986 -9.33217 1
5.82787 -9.32027 1
5.80599 -9.30818 1
5.78388 -9.29652 1
5.7615 -9.28538 1
5.7389 -9.27468 1
5.71662 -9.26335 1
5.6942 -9.25228 1
5.67166 -9.24148 1
5.649 -9.23092 1
5.62626 -9.22052 1
5.60373 -9.2097 1
5.58111 -9.19903 1
5.55844 -9.18851 1
5.53568 -9.17816 1
5.51304 -9.16755 1
5.49031 -9.15714 1
5.46751 -9.14688 1
5.44465 -9.13677 1
5.42175 -9.12674 1
5.39899 -9.1164 1
5.37618 -9.10616 1
5.35334 -9.096 1
5.33047 -9.0859 1
5.30758 -9.07586 1
5.28478 -9.06559 1
5.26196 -9.05538 1
5.23912 -9.04523 1
5.21623 -9.03516 1
5.19333 -9.02515 1
5.1705 -9.01495 1
5.14765 -9.00482 1
5.12477 -8.99473 1
5.10188 -8.98469 1
5.07897 -8.97467 1
5.05613 -8.9645 1
5.03327 -8.95438 1
5.0104 -8.94428 1
4.98752 -8.93421 1
4.96464 -8.92414 1
4.9418 -8.91397 1
4.91896 -8.90382 1
4.8961 -8.89369 1
4.87324 -8.88357 1
4.85038 -8.87346 1
4.82755 -8.86326 1
4.80472 -8.85307 1
4.78188 -8.8429 1
4.75904 -8.83274 1
4.7362 -8.82258 1
4.71339 -8.81235 1
4.69057 -8.80213 1
4.66766 -8.79213 1
4.64467 -8.78231 1
4.62167 -8.7725 1
4.59829 -8.76367 1
4.57474 -8.75528 1
4.55107 -8.74723 1
4.52732 -8.73941 1
4.50352 -8.73175 1
4.47969 -8.7242 1
4.45606 -8.71604 1
4.43239 -8.708 1
4.40868 -8.70007 1
4.38494 -8.69222 1
4.36119 -8.68442 1
4.33743 -8.67666 1
4.31377 -8.66857 1
4.29009 -8.66055 1
4.2664 -8.65257 1
4.24269 -8.64464 1
4.21899 -8.6367 1
4.19528 -8.62877 1
4.17164 -8.62064 1
4.14799 -8.61252 1
4.12443 -8.60415 1
4.10095 -8.59557 1
4.0775 -8.5869 1
4.05404 -8.57827 1
4.03053 -8.56977 1
4.00598 -8.56504 1
3.98135 -8.56075 1
3.95667 -8.5568 1
3.93194 -8.55313 1
3.90718 -8.54964 1
3.88241 -8.54629 1
3.85762 -8.54301 1
3.83284 -8.53976 1
3.80805 -8.53646 1
3.78329 -8.53307 1
3.75854 -8.52952 1
3.73383 -8.52575 1
3.71116 -8.5152 1
3.68846 -8.50471 1
3.66573 -8.49431 1
3.64297 -8.48398 1
3.62016 -8.47375 1
3.59958 -8.45955 1
3.57828 -8.44646 1
3.55626 -8.43463 1
3.53369 -8.42387 1
3.50949 -8.41759 1
3.48523 -8.41155 1
3.46091 -8.40579 1
3.43652 -8.40027 1
3.4121 -8.39494 1
3.38763 -8.38978 1
3.36315 -8.38475 1
3.33863 -8.37983 1
3.31411 -8.375 1
3.28956 -8.37025 1
3.26459 -8.36896 1
3.23962 -8.36787 1
3.21463 -8.36698 1
3.18964 -8.36631 1
3.16465 -8.36586 1
3.13965 -8.36567 1
3.11465 -8.36573 1
3.08965 -8.36608 1
3.06466 -8.36674 1
3.03968 -8.36774 1
3.01468 -8.36827 1
2.98968 -8.36826 1
2.96469 -8.36849 1
2.93969 -8.36896 1
2.91469 -8.36884 1
2.8897 -8.36808 1
2.86472 -8.36703 1
2.83976 -8.36566 1
2.81482 -8.36394 1
2.78991 -8.36183 1
2.76504 -8.35932 1
2.74021 -8.35639 1
2.71543 -8.35305 1
2.69072 -8.34929 1
2.66607 -8.34512 1
2.64149 -8.34053 1
2.617 -8.3355 1
2.59261 -8.33003 1
2.56832 -8.3241 1
2.54503 -8.31503 1
2.52129 -8.30717 1
2.49717 -8.30061 1
2.47288 -8.29468 1
2.44851 -8.28911 1
2.4241 -8.28373 1
2.39967 -8.27842 1
2.37803 -8.26589 1
2.35594 -8.2542 1
2.33348 -8.24321 1
2.31077 -8.23277 1
2.28785 -8.22279 1
2.2645 -8.21383 1
2.24118 -8.20484 1
2.21783 -8.1959 1
2.19446 -8.18703 1
2.17104 -8.17829 1
2.14756 -8.16969 1
2.12305 -8.16477 1
2.09861 -8.15951 1
2.07424 -8.15392 1
2.04995 -8.14801 1
2.02574 -8.14178 1
2.00161 -8.13522 1
1.97758 -8.12835 1
1.95461 -8.11847 1
1.93162 -8.10865 1
1.90861 -8.09889 1
1.88555 -8.08923 1
1.86244 -8.07969 1
1.83928 -8.07027 1
1.81511 -8.06389 1
1.79101 -8.05723 1
1.767 -8.05028 1
1.74307 -8.04303 1
1.71924 -8.03548 1
1.69551 -8.02761 1
1.6719 -8.0194 1
1.6484 -8.01086 1
1.62505 -8.00194 1
1.60185 -7.99261 1
1.57884 -7.98283 1
1.55604 -7.97258 1
1.53333 -7.96213 1
1.5109 -7.95109 1
1.48876 -7.93948 1
1.46686 -7.92743 1
1.44507 -7.91516 1
1.42355 -7.90245 1
1.40227 -7.88932 1
1.38126 -7.87578 1
1.36029 -7.86217 1
1.33962 -7.84811 1
1.31931 -7.83353 1
1.29916 -7.81873 1
1.27938 -7.80344 1
1.25998 -7.78767 1
1.24094 -7.77147 1
1.22207 -7.75507 1
1.20358 -7.73825 1
1.18546 -7.72102 1
1.16765 -7.70348 1
1.15023 -7.68554 1
1.1332 -7.66725 1
1.11661 -7.64854 1
1.10045 -7.62947 1
1.08469 -7.61006 1
1.06937 -7.5903 1
1.05449 -7.57021 1
1.04005 -7.5498 1
1.026 -7.52912 1
1.01242 -7.50814 1
0.999176 -7.48693 1
0.986298 -7.4655 1
0.973776 -7.44387 1
0.961607 -7.42203 1
0.94982 -7.39998 1
0.938349 -7.37777 1
0.927259 -7.35536 1
0.916502 -7.33279 1
0.906253 -7.30999 1
0.896268 -7.28707 1
0.886507 -7.26406 1
0.877028 -7.24092 1
0.867928 -7.21764 1
0.859116 -7.19424 1
0.850591 -7.17074 1
0.842403 -7.14712 1
0.834453 -7.12342 1
0.826801 -7.09962 1
0.819369 -7.07575 1
0.812206 -7.0518 1
0.805315 -7.02776 1
0.798801 -7.00363 1
0.792563 -6.97942 1
0.78653 -6.95516 1
0.78078 -6.93083 1
0.775418 -6.90641 1
0.770297 -6.88194 1
0.765493 -6.85741 1
0.760918 -6.83283 1
0.756667 -6.80819 1
0.752626 -6.78352 1
0.748871 -6.7588 1
0.745306 -6.73406 1
0.741976 -6.70928 1
0.738812 -6.68448 1
0.735826 -6.65966 1
0.732969 -6.63483 1
0.730305 -6.60997 1
0.727727 -6.5851 1
0.725292 -6.56022 1
0.722901 -6.53534 1
0.720604 -6.51044 1
0.71831 -6.48555 1
0.71606 -6.46065 1
0.713773 -6.43575 1
0.711479 -6.41086 1
0.709108 -6.38597 1
0.70668 -6.36109 1
0.70413 -6.33622 1
0.70147 -6.31136 1
0.698641 -6.28652 1
0.695645 -6.2617 1
0.692429 -6.23691 1
0.689054 -6.21214 1
0.68566 -6.18737 1
0.682267 -6.1626 1
0.678856 -6.13784 1
0.675445 -6.11307 1
0.672019 -6.08831 1
0.668593 -6.06354 1
0.665154 -6.03878 1
0.661716 -6.01402 1
0.658267 -5.98926 1
0.654821 -5.96449 1
0.651366 -5.93973 1
0.647916 -5.91497 1
0.64446 -5.89021 1
0.64101 -5.86545 1
0.637553 -5.84069 1
0.634101 -5.81593 1
0.63064 -5.79117 1
0.627184 -5.76641 1
0.62372 -5.74165 1
0.62026 -5.71689 1
0.616794 -5.69214 1
0.613332 -5.66738 1
0.609865 -5.64262 1
0.606403 -5.61786 1
0.602937 -5.5931 1
0.599477 -5.56834 1
0.596013 -5.54358 1
0.592556 -5.51882 1
0.589097 -5.49406 1
0.585642 -5.4693 1
0.582184 -5.44454 1
0.578724 -5.41978 1
0.575267 -5.39502 1
0.571809 -5.37026 1
0.568354 -5.3455 1
0.564898 -5.32075 1
0.561445 -5.29598 1
0.557992 -5.27122 1
0.554542 -5.24646 1
0.551093 -5.2217 1
0.547647 -5.19694 1
0.544203 -5.17218 1
0.540763 -5.14741 1
0.537324 -5.12265 1
0.533888 -5.09789 1
0.530452 -5.07313 1
0.527019 -5.04836 1
0.523586 -5.0236 1
0.520158 -4.99884 1
0.516729 -4.97407 1
0.513305 -4.94931 1
0.509881 -4.92454 1
0.506461 -4.89978 1
0.503042 -4.87501 1
0.499628 -4.85025 1
0.496214 -4.82548 1
0.492806 -4.80072 1
0.489398 -4.77595 1
0.485995 -4.75118 1
0.482592 -4.72642 1
0.479194 -4.70165 1
0.475796 -4.67688 1
0.472402 -4.65211 1
0.46901 -4.62734 1
0.465621 -4.60257 1
0.462233 -4.5778 1
0.45885 -4.55303 1
0.455468 -4.52826 1
0.45209 -4.50349 1
0.448714 -4.47872 1
0.445342 -4.45395 1
0.441972 -4.42918 1
0.438608 -4.40441 1
0.435244 -4.37963 1
0.431884 -4.35486 1
0.428525 -4.33009 1
0.425169 -4.30531 1
0.421815 -4.28054 1
0.418463 -4.25576 1
0.415114 -4.23099 1
0.411768 -4.20622 1
0.408425 -4.18144 1
0.405086 -4.15666 1
0.401749 -4.13189 1
0.398416 -4.10711 1
0.395085 -4.08233 1
0.391759 -4.05756 1
0.388435 -4.03278 1
0.385114 -4.008 1
0.381794 -3.98322 1
0.378479 -3.95844 1
0.375166 -3.93366 1
0.371857 -3.90888 1
0.368549 -3.8841 1
0.365246 -3.85932 1
0.361944 -3.83454 1
0.358646 -3.80976 1
0.355351 -3.78498 1
0.352059 -3.7602 1
0.348769 -3.73541 1
0.345483 -3.71063 1
0.3422 -3.68585 1
0.33892 -3.66106 1
0.335643 -3.63628 1
0.33237 -3.61149 1
0.329099 -3.58671 1
0.325831 -3.56192 1
0.322566 -3.53714 1
0.319304 -3.51235 1
0.316044 -3.48756 1
0.312787 -3.46278 1
0.309532 -3.43799 1
0.306282 -3.4132 1
0.303035 -3.38841 1
0.299791 -3.36362 1
0.296549 -3.33884 1
0.293313 -3.31405 1
0.290078 -3.28925 1
0.286847 -3.26446 1
0.283618 -3.23968 1
0.280392 -3.21488 1
0.277168 -3.19009 1
0.273949 -3.1653 1
0.270732 -3.14051 1
0.267519 -3.11572 1
0.264308 -3.09092 1
0.261101 -3.06613 1
0.257896 -3.04134 1
0.254694 -3.01654 1
0.251495 -2.99175 1
0.248299 -2.96695 1
0.245105 -2.94216 1
0.241915 -2.91736 1
0.238727 -2.89257 1
0.235543 -2.86777 1
0.232361 -2.84297 1
0.229182 -2.81818 1
0.226005 -2.79338 1
0.222833 -2.76858 1
0.219663 -2.74378 1
0.216495 -2.71898 1
0.21333 -2.69419 1
0.210169 -2.66938 1
0.20701 -2.64459 1
0.203854 -2.61978 1
0.2007 -2.59499 1
0.197549 -2.57018 1
0.194401 -2.54538 1
0.191256 -2.52058 1
0.188115 -2.49578 1
0.184976 -2.47098 1
0.181841 -2.44618 1
0.178707 -2.42137 1
0.175576 -2.39657 1
0.172448 -2.37176 1
0.169324 -2.34696 1
0.166201 -2.32216 1
0.163082 -2.29735 1
0.159965 -2.27255 1
0.156852 -2.24774 1
0.153742 -2.22294 1
0.150634 -2.19813 1
0.147529 -2.17332 1
0.144427 -2.14852 1
0.141329 -2.12371 1
0.138233 -2.0989 1
0.13514 -2.0741 1
0.132049 -2.04929 1
0.12896 -2.02448 1
0.125876 -1.99967 1
0.122794 -1.97486 1
0.119715 -1.95005 1
0.116638 -1.92524 1
0.113564 -1.90043 1
0.110493 -1.87562 1
0.107424 -1.85081 1
0.104358 -1.826 1
0.101296 -1.80119 1
0.0982362 -1.77637 1
0.0951796 -1.75156 1
0.0921254 -1.72675 1
0.0890736 -1.70193 1
0.086024 -1.67712 1
0.0829776 -1.65231 1
0.0799334 -1.62749 1
0.0768924 -1.60268 1
0.0738536 -1.57787 1
0.0708176 -1.55305 1
0.0677838 -1.52823 1
0.0647525 -1.50342 1
0.0617238 -1.4786 1
0.058698 -1.45379 1
0.0556752 -1.42897 1
0.0526562 -1.40415 1
0.04964 -1.37934 1
0.0466269 -1.35452 1
0.0436167 -1.3297 1
0.0406098 -1.30488 1
0.0376054 -1.28006 1
0.0346036 -1.25525 1
0.0316039 -1.23043 1
0.0286065 -1.20561 1
0.0256112 -1.18079 1
0.0226189 -1.15597 1
0.019629 -1.13114 1
0.016643 -1.10632 1
0.013659 -1.0815 1
0.0106776 -1.05668 1
0.00769832 -1.03186 1
0.00472171 -1.00704 1
0.00174739 -0.982214 1
-0.00122464 -0.957391 1
-0.00419381 -0.932568 1
-0.00715954 -0.907745 1
-0.0101226 -0.882922 1
-0.0130826 -0.858096 1
-0.0160403 -0.833273 1
-0.0189958 -0.808447 1
-0.0219487 -0.783624 1
-0.024899 -0.758798 1
-0.0278468 -0.733972 1
-0.0307918 -0.709146 1
-0.0337341 -0.68432 1
-0.0366737 -0.659494 1
-0.0396106 -0.634667 1
-0.0425443 -0.609838 1
-0.0454757 -0.585012 1
-0.0484039 -0.560183 1
-0.0513299 -0.535354 1
-0.0542535 -0.510528 1
-0.0571746 -0.485699 1
-0.0600923 -0.46087 1
-0.0630079 -0.436041 1
-0.0659213 -0.411209 1
-0.0688327 -0.38638 1
-0.0717408 -0.36155 1
-0.0746469 -0.336718 1
-0.0775508 -0.311889 1
-0.0804525 -0.287057 1
-0.0833516 -0.262225 1
-0.0862481 -0.237393 1
-0.0891414 -0.212564 1
-0.0920324 -0.187728 1
-0.0949203 -0.162896 1
-0.0978061 -0.138064 1
-0.10069 -0.113232 1
-0.103571 -0.0883967 1
-0.106449 -0.0635646 1
-0.109326 -0.0387294 1
-0.112199 -0.0138972 1
-0.11507 0.010938 1
-0.117937 0.0357732 1
-0.120802 0.0606084 1
-0.123665 0.0854436 1
-0.126526 0.110282 1
-0.129384 0.135117 1
-0.13224 0.159952 1
-0.135094 0.184791 1
-0.137946 0.209626 1
-0.140795 0.234464 1
-0.143642 0.259302 1
-0.146486 0.284137 1
-0.149329 0.308976 1
-0.152168 0.333814 1
-0.155005 0.358652 1
-0.157837 0.383494 1
-0.160667 0.408332 1
-0.163496 0.43317 1
-0.166323 0.458011 1
-0.169146 0.48285 1
-0.171967 0.507691 1
-0.174786 0.532532 1
-0.177602 0.557374 1
-0.180416 0.582215 1
-0.183227 0.607056 1
-0.186036 0.631897 1
-0.188842 0.656739 1
-0.191645 0.68158 1
-0.194446 0.706424 1
-0.197244 0.731266 1
-0.20004 0.75611 1
-0.202833 0.780954 1
-0.205623 0.805796 1
-0.205777 0.830796 1
-0.207231 0.855753 1
-0.21 0.8806 1
-0.26 0.9306 1
-0.215956 0.9432 0.70153
