0.0346121 -0.00748587 1
0.0469236 0.0235177 1
0.0584463 0.045704 1
0.0693922 0.0681802 1
0.0796434 0.0909822 1
0.0886545 0.114301 1
0.096966 0.137879 1
0.104059 0.161852 1
0.110676 0.18596 1
0.116509 0.210271 1
0.121966 0.234668 1
0.126936 0.259169 1
0.131549 0.28374 1
0.1357 0.308392 1
0.139511 0.3331 1
0.142902 0.357869 1
0.145967 0.382681 1
0.148636 0.407538 1
0.150982 0.432427 1
0.152784 0.457362 1
0.154331 0.482314 1
0.155396 0.507292 1
0.156274 0.532276 1
0.156807 0.557271 1
0.157177 0.582268 1
0.157234 0.607268 1
0.157123 0.632268 1
0.156726 0.657265 1
0.156116 0.682257 1
0.154672 0.707215 1
0.153145 0.732169 1
0.151481 0.757113 1
0.149746 0.782053 1
0.147749 0.806973 1
0.145765 0.831894 1
0.143788 0.856816 1
0.141833 0.881739 1
0.139918 0.906666 1
0.138069 0.931597 1
0.136443 0.956545 1
0.134883 0.981496 1
0.133507 1.00646 1
0.132182 1.03142 1
0.131011 1.0564 1
0.129885 1.08137 1
0.128887 1.10635 1
0.127928 1.13133 1
0.127075 1.15632 1
0.126257 1.1813 1
0.125526 1.20629 1
0.124825 1.23128 1
0.124197 1.25628 1
0.123594 1.28127 1
0.123052 1.30626 1
0.122532 1.33126 1
0.122062 1.35625 1
0.121611 1.38125 1
0.121203 1.40624 1
0.120811 1.43124 1
0.120455 1.45624 1
0.120112 1.48124 1
0.119801 1.50623 1
0.1195 1.53123 1
0.119225 1.55623 1
0.118961 1.58123 1
0.118718 1.60623 1
0.118483 1.63123 1
0.118267 1.65623 1
0.118057 1.68123 1
0.117863 1.70623 1
0.117675 1.73122 1
0.117499 1.75622 1
0.117327 1.78122 1
0.117166 1.80622 1
0.117008 1.83122 1
0.116857 1.85622 1
0.116708 1.88122 1
0.116564 1.90622 1
0.11642 1.93122 1
0.116279 1.95622 1
0.116136 1.98122 1
0.115993 2.00622 1
0.115844 2.03122 1
0.115693 2.05622 1
0.115534 2.08122 1
0.115368 2.10622 1
0.115191 2.13122 1
0.115001 2.15622 1
0.114794 2.18122 1
0.11457 2.20621 1
0.114321 2.23121 1
0.114047 2.25621 1
0.11374 2.28121 1
0.113397 2.30621 1
0.113009 2.3312 1
0.112585 2.3562 1
0.112094 2.3812 1
0.111401 2.40619 1
0.110686 2.43118 1
0.110045 2.45617 1
0.109313 2.48116 1
0.108389 2.50614 1
0.10739 2.53112 1
0.106189 2.55609 1
0.104932 2.58106 1
0.103521 2.60602 1
0.102086 2.63098 1
0.100562 2.65593 1
0.0990602 2.68089 1
0.0975637 2.70584 1
0.0961073 2.7308 1
0.0946974 2.75576 1
0.0933435 2.78072 1
0.0920549 2.80569 1
0.090843 2.83066 1
0.0897211 2.85564 1
0.0887033 2.88061 1
0.0878027 2.9056 1
0.0870455 2.93059 1
0.0867689 2.95559 1
0.0865148 2.98058 1
0.0863043 3.00558 1
0.0861089 3.03058 1
0.0859445 3.05558 1
0.0857919 3.08058 1
0.0856638 3.10558 1
0.0855444 3.13058 1
0.085444 3.15558 1
0.0853506 3.18058 1
0.0852724 3.20558 1
0.0851991 3.23058 1
0.0851381 3.25558 1
0.0850817 3.28058 1
0.0850343 3.30558 1
0.0849909 3.33058 1
0.084955 3.35558 1
0.0849222 3.38058 1
0.0848959 3.40558 1
0.0848726 3.43058 1
0.0848547 3.45558 1
0.084839 3.48058 1
0.0848287 3.50558 1
0.0848215 3.53058 1
0.0848188 3.55558 1
0.0848192 3.58058 1
0.0848253 3.60558 1
0.0848348 3.63058 1
0.0848509 3.65558 1
0.0848718 3.68058 1
0.0848997 3.70558 1
0.0849352 3.73058 1
0.0849794 3.75558 1
0.0850336 3.78058 1
0.0851 3.80558 1
0.0851801 3.83058 1
0.085277 3.85558 1
0.0853933 3.88058 1
0.0855325 3.90558 1
0.0856989 3.93058 1
0.085898 3.95558 1
0.0861353 3.98058 1
0.0864248 4.00557 1
0.0867651 4.03057 1
0.0873258 4.05557 1
0.087874 4.08056 1
0.0885286 4.10555 1
0.0891062 4.13055 1
0.0895551 4.15554 1
0.0899187 4.18054 1
0.0901377 4.20554 1
0.0902544 4.23054 1
0.0903833 4.25554 1
0.0903036 4.28054 1
0.0897737 4.30553 1
0.0890508 4.33052 1
0.0880819 4.3555 1
0.0868646 4.38047 1
0.0853445 4.40543 1
0.0835005 4.43036 1
0.0849489 4.45531 1
0.086276 4.48028 1
0.0873312 4.50526 1
0.0883371 4.53024 1
0.0891855 4.55522 1
0.0900366 4.58021 1
0.0908678 4.6052 1
0.0917162 4.63018 1
0.0925604 4.65517 1
0.0934381 4.68015 1
0.0940416 4.70514 1
0.0948629 4.73013 1
0.0962351 4.75509 1
0.0976854 4.78005 1
0.0992086 4.805 1
0.100837 4.82995 1
0.102296 4.85491 1
0.104047 4.87985 1
0.106357 4.90474 1
0.108866 4.92961 1
0.111743 4.95445 1
0.11478 4.97926 1
0.118476 5.00399 1
0.122158 5.02872 1
0.126254 5.05338 1
0.130232 5.07806 1
0.13404 5.10277 1
0.139533 5.12716 1
0.145386 5.15146 1
0.151315 5.17575 1
0.157482 5.19998 1
0.163772 5.22417 1
0.170487 5.24825 1
0.177334 5.2723 1
0.185679 5.29586 1
0.19425 5.31935 1
0.20362 5.34252 1
0.213119 5.36565 1
0.222821 5.38869 1
0.232771 5.41163 1
0.243759 5.43408 1
0.255366 5.45622 1
0.267264 5.47821 1
0.279743 5.49987 1
0.292723 5.52124 1
0.306064 5.54238 1
0.320099 5.56307 1
0.334377 5.58359 1
0.349421 5.60356 1
0.364646 5.62339 1
0.380211 5.64295 1
0.396107 5.66225 1
0.412249 5.68134 1
0.428614 5.70024 1
0.445467 5.7187 1
0.462602 5.73691 1
0.479993 5.75487 1
0.497691 5.77252 1
0.515748 5.78981 1
0.534138 5.80675 1
0.552784 5.8234 1
0.571875 5.83954 1
0.591901 5.85451 1
0.612098 5.86924 1
0.632506 5.88368 1
0.653528 5.89721 1
0.674724 5.91047 1
0.696235 5.92321 1
0.717907 5.93567 1
0.740087 5.9472 1
0.762435 5.95841 1
0.785246 5.96864 1
0.808128 5.97871 1
0.831123 5.98852 1
0.854578 5.99717 1
0.878232 6.00527 1
0.9022 6.01238 1
0.926274 6.01912 1
0.95063 6.02475 1
0.975012 6.03028 1
0.999475 6.03543 1
1.02397 6.04041 1
1.04852 6.04517 1
1.07311 6.04966 1
1.09776 6.05381 1
1.12247 6.05766 1
1.14722 6.06118 1
1.17201 6.06439 1
1.19684 6.06726 1
1.22171 6.06983 1
1.24662 6.07197 1
1.27155 6.07385 1
1.2965 6.07545 1
1.32146 6.07681 1
1.34644 6.07785 1
1.37143 6.07862 1
1.39642 6.07916 1
1.42142 6.07929 1
1.44642 6.07874 1
1.47139 6.07771 1
1.49632 6.07581 1
1.52119 6.07322 1
1.54579 6.06879 1
1.5702 6.06338 1
1.59456 6.05775 1
1.61856 6.05075 1
1.64182 6.0416 1
1.66481 6.03178 1
1.68723 6.02071 1
1.70939 6.00913 1
1.73122 5.99696 1
1.75285 5.98442 1
1.77463 5.97215 1
1.79638 5.95983 1
1.81842 5.94802 1
1.84033 5.93597 1
1.86202 5.92355 1
1.88345 5.91067 1
1.90441 5.89705 1
1.92513 5.88306 1
1.94537 5.86838 1
1.96535 5.85336 1
1.98487 5.83774 1
2.00416 5.82184 1
2.02319 5.80562 1
2.04191 5.78906 1
2.06031 5.77213 1
2.07836 5.75483 1
2.09601 5.73713 1
2.11338 5.71914 1
2.13047 5.7009 1
2.14731 5.68242 1
2.16391 5.66373 1
2.18035 5.6449 1
2.19692 5.62617 1
2.2133 5.60729 1
2.22964 5.58837 1
2.24645 5.56986 1
2.26319 5.5513 1
2.28001 5.5328 1
2.29717 5.51462 1
2.31441 5.49652 1
2.33179 5.47854 1
2.34936 5.46076 1
2.3671 5.44314 1
2.38498 5.42567 1
2.4027 5.40804 1
2.42042 5.3904 1
2.43894 5.37361 1
2.45715 5.35647 1
2.47529 5.33928 1
2.49373 5.3224 1
2.51181 5.30513 1
2.52991 5.28789 1
2.5482 5.27083 1
2.56573 5.25302 1
2.58462 5.23663 1
2.60256 5.21922 1
2.61982 5.20114 1
2.63886 5.18494 1
2.65698 5.16772 1
2.67448 5.14987 1
2.69341 5.13353 1
2.71171 5.1165 1
2.72966 5.0991 1
2.74941 5.08376 1
2.7689 5.06812 1
2.78963 5.05414 1
2.81055 5.04045 1
2.8316 5.02697 1
2.85343 5.01477 1
2.87562 5.00326 1
2.89847 4.99312 1
2.92157 4.98356 1
2.94511 4.97515 1
2.96888 4.96741 1
2.993 4.96084 1
3.01728 4.95488 1
3.04176 4.94978 1
3.06635 4.94529 1
3.09115 4.94211 1
3.11601 4.93945 1
3.14096 4.93798 1
3.16594 4.93696 1
3.19094 4.93676 1
3.21594 4.93712 1
3.24089 4.93871 1
3.26554 4.94289 1
3.29015 4.94727 1
3.31462 4.9524 1
3.33922 4.95683 1
3.36354 4.96265 1
3.38707 4.9711 1
3.41039 4.98009 1
3.43348 4.98968 1
3.45587 5.0008 1
3.47794 5.01255 1
3.49952 5.02517 1
3.52111 5.03777 1
3.54422 5.04731 1
3.56727 5.05699 1
3.59019 5.06697 1
3.61306 5.07707 1
3.63576 5.08754 1
3.6581 5.09876 1
3.68048 5.1099 1
3.7028 5.12117 1
3.72514 5.13238 1
3.74682 5.14484 1
3.76866 5.15701 1
3.79076 5.16869 1
3.81286 5.18037 1
3.83501 5.19197 1
3.85677 5.20428 1
3.87856 5.21654 1
3.90033 5.22883 1
3.92211 5.2411 1
3.94382 5.2535 1
3.96558 5.26581 1
3.98729 5.2782 1
4.00904 5.29052 1
4.03057 5.30323 1
4.05222 5.31573 1
4.07388 5.32822 1
4.09555 5.34068 1
4.11701 5.3535 1
4.1385 5.36628 1
4.16002 5.379 1
4.18157 5.39168 1
4.20312 5.40435 1
4.22473 5.41692 1
4.24638 5.42942 1
4.26805 5.44189 1
4.28961 5.45455 1
4.31118 5.46718 1
4.33277 5.47979 1
4.35415 5.49275 1
4.37558 5.50562 1
4.39705 5.51842 1
4.41857 5.53116 1
4.44007 5.54391 1
4.46165 5.55653 1
4.48331 5.56902 1
4.50502 5.58141 1
4.52645 5.59428 1
4.54807 5.60684 1
4.56971 5.61935 1
4.59135 5.63187 1
4.61283 5.64466 1
4.6344 5.65731 1
4.65603 5.66983 1
4.67773 5.68225 1
4.69944 5.69465 1
4.72125 5.70687 1
4.74307 5.71907 1
4.76501 5.73107 1
4.78692 5.7431 1
4.8089 5.755 1
4.83095 5.76678 1
4.85311 5.77837 1
4.87531 5.78987 1
4.89744 5.8015 1
4.91968 5.81291 1
4.94215 5.82386 1
4.96469 5.83468 1
4.98742 5.84508 1
5.01028 5.85522 1
5.03326 5.86505 1
5.05647 5.87436 1
5.07975 5.88345 1
5.10294 5.8928 1
5.12627 5.90177 1
5.14975 5.91036 1
5.17337 5.91857 1
5.1972 5.92612 1
5.22112 5.93339 1
5.24513 5.94034 1
5.26905 5.94763 1
5.29296 5.95493 1
5.31701 5.96176 1
5.34131 5.96761 1
5.36565 5.97332 1
5.3901 5.97856 1
5.41455 5.98377 1
5.43899 5.989 1
5.46339 5.99444 1
5.48785 5.99963 1
5.51233 6.00469 1
5.5369 6.00932 1
5.56147 6.01395 1
5.58596 6.01893 1
5.61049 6.02377 1
5.63503 6.02856 1
5.65959 6.0332 1
5.68419 6.0377 1
5.70882 6.04196 1
5.73325 6.04726 1
5.75778 6.0521 1
5.78232 6.05689 1
5.80691 6.06138 1
5.83148 6.06602 1
5.856 6.0709 1
5.88051 6.0758 1
5.90496 6.08102 1
5.92945 6.08606 1
5.95399 6.09082 1
5.97837 6.09635 1
6.00283 6.10149 1
6.02732 6.10656 1
6.05183 6.11147 1
6.07634 6.11641 1
6.10084 6.12136 1
6.12533 6.12638 1
6.14984 6.13134 1
6.1743 6.13648 1
6.19868 6.14202 1
6.22272 6.14887 1
6.24667 6.15605 1
6.27061 6.16326 1
6.29453 6.17051 1
6.3184 6.17794 1
6.34227 6.18539 1
6.36584 6.1937 1
6.38915 6.20275 1
6.41249 6.2117 1
6.43571 6.22096 1
6.45898 6.23012 1
6.48226 6.23923 1
6.50489 6.24986 1
6.52774 6.25999 1
6.55068 6.26993 1
6.57374 6.27958 1
6.59676 6.28934 1
6.61942 6.2999 1
6.6421 6.31041 1
6.66509 6.32022 1
6.68846 6.32912 1
6.712 6.33752 1
6.73526 6.34668 1
6.75876 6.35521 1
6.78248 6.36313 1
6.80641 6.37036 1
6.83049 6.37708 1
6.85466 6.38349 1
6.87895 6.38937 1
6.90335 6.39483 1
6.92784 6.39985 1
6.95243 6.40434 1
6.97708 6.40856 1
7.00182 6.41215 1
7.02658 6.41556 1
7.05141 6.41849 1
7.07626 6.42125 1
7.10115 6.4236 1
7.12606 6.42571 1
7.15101 6.4272 1
7.17599 6.42833 1
7.20099 6.42865 1
7.22598 6.42842 1
7.25094 6.42691 1
7.27583 6.4246 1
7.30052 6.42066 1
7.32496 6.41539 1
7.34888 6.40813 1
7.37209 6.39885 1
7.39439 6.38754 1
7.4163 6.37549 1
7.43755 6.36233 1
7.45825 6.34832 1
7.47835 6.33345 1
7.49776 6.31769 1
7.51649 6.30114 1
7.53454 6.28383 1
7.5519 6.26584 1
7.56844 6.24709 1
7.5842 6.22769 1
7.59937 6.20782 1
7.61362 6.18728 1
7.62702 6.16617 1
7.63983 6.14471 1
7.65173 6.12272 1
7.66269 6.10025 1
7.67273 6.07735 1
7.68186 6.05408 1
7.69008 6.03047 1
7.69737 6.00656 1
7.70379 5.9824 1
7.7094 5.95803 1
7.71424 5.93351 1
7.7184 5.90885 1
7.72191 5.8841 1
7.7248 5.85927 1
7.72706 5.83437 1
7.72869 5.80943 1
7.72965 5.78444 1
7.72991 5.75945 1
7.72935 5.73445 1
7.72782 5.7095 1
7.72518 5.68464 1
7.72128 5.65995 1
7.71594 5.63552 1
7.70936 5.6114 1
7.70143 5.58769 1
7.69209 5.5645 1
7.68139 5.54191 1
7.66983 5.51975 1
7.65727 5.49813 1
7.64384 5.47704 1
7.6297 5.45642 1
7.615 5.4362 1
7.59974 5.4164 1
7.58377 5.39717 1
7.56729 5.37836 1
7.55028 5.36005 1
7.53261 5.34236 1
7.51458 5.32504 1
7.49607 5.30824 1
7.47703 5.29203 1
7.4577 5.27619 1
7.43798 5.26081 1
7.41788 5.24595 1
7.39745 5.23154 1
7.37674 5.21754 1
7.35573 5.20399 1
7.33436 5.19101 1
7.31287 5.17824 1
7.29119 5.16579 1
7.26936 5.1536 1
7.24739 5.14167 1
7.22536 5.12986 1
7.2033 5.1181 1
7.1812 5.1064 1
7.15915 5.09463 1
7.13708 5.08289 1
7.11504 5.07109 1
7.093 5.05928 1
7.07092 5.04756 1
7.04876 5.036 1
7.02651 5.02458 1
7.00419 5.01333 1
6.98175 5.0023 1
6.95919 4.99154 1
6.93652 4.981 1
6.91378 4.97061 1
6.89095 4.96042 1
6.86802 4.95047 1
6.84496 4.9408 1
6.82183 4.93131 1
6.79867 4.92191 1
6.77547 4.91258 1
6.75224 4.90336 1
6.72895 4.89427 1
6.70561 4.88531 1
6.68221 4.87651 1
6.65879 4.86776 1
6.63535 4.85905 1
6.61189 4.85044 1
6.58838 4.84192 1
6.56486 4.83346 1
6.54132 4.82503 1
6.51778 4.81662 1
6.49424 4.80819 1
6.47072 4.79972 1
6.4472 4.79123 1
6.42368 4.78277 1
6.40015 4.77433 1
6.37659 4.76596 1
6.35304 4.75758 1
6.32949 4.74918 1
6.30593 4.74081 1
6.2824 4.73237 1
6.25888 4.72391 1
6.23536 4.71541 1
6.2119 4.70678 1
6.18851 4.69797 1
6.16515 4.68904 1
6.14183 4.68003 1
6.11855 4.67094 1
6.09528 4.6618 1
6.07205 4.65255 1
6.04891 4.64309 1
6.02586 4.63341 1
6.00289 4.62353 1
5.98003 4.61342 1
5.95727 4.60308 1
5.93461 4.59251 1
5.88461 4.54251 1
5.84577 4.54073 1
5.82083 4.53906 1
5.79592 4.53695 1
5.77105 4.53437 1
5.74624 4.53127 1
5.72152 4.52761 1
5.69689 4.5233 1
5.6724 4.51828 1
5.64808 4.51249 1
5.62396 4.50592 1
5.60006 4.49857 1
5.57634 4.49068 1
5.55259 4.48286 1
5.52884 4.47507 1
5.50508 4.46728 1
5.48132 4.45951 1
5.45757 4.45172 1
5.43381 4.44392 1
5.41006 4.43611 1
5.38631 4.42831 1
5.36258 4.42046 1
5.33886 4.41255 1
5.31517 4.40456 1
5.29152 4.39645 1
5.26788 4.38833 1
5.24423 4.38022 1
5.2206 4.37207 1
5.19698 4.36387 1
5.1734 4.35556 1
5.14988 4.3471 1
5.1264 4.33851 1
5.10295 4.32984 1
5.07956 4.32103 1
5.05621 4.31207 1
5.03293 4.30298 1
5.0097 4.29372 1
4.98655 4.2843 1
4.96344 4.27477 1
4.94039 4.26509 1
4.91743 4.25518 1
4.8946 4.24501 1
4.87186 4.23461 1
4.84926 4.22393 1
4.82681 4.21293 1
4.80447 4.2017 1
4.78224 4.19027 1
4.76009 4.17867 1
4.73808 4.16681 1
4.71621 4.15471 1
4.69448 4.14235 1
4.67285 4.12981 1
4.65137 4.11702 1
4.6301 4.10387 1
4.60904 4.09041 1
4.58816 4.07667 1
4.56748 4.06261 1
4.54708 4.04816 1
4.52694 4.03335 1
4.50703 4.01823 1
4.48744 4.0027 1
4.46811 3.98684 1
4.44904 3.97068 1
4.43025 3.95419 1
4.41175 3.93738 1
4.39352 3.92027 1
4.3756 3.90284 1
4.35797 3.88511 1
4.34065 3.86708 1
4.32362 3.84878 1
4.30685 3.83023 1
4.2904 3.81141 1
4.27424 3.79234 1
4.25833 3.77305 1
4.24277 3.75348 1
4.22755 3.73365 1
4.21266 3.71357 1
4.19821 3.69317 1
4.18415 3.6725 1
4.17048 3.65156 1
4.15726 3.63035 1
4.14452 3.60884 1
4.13227 3.58705 1
4.12042 3.56503 1
4.10905 3.54277 1
4.09811 3.52028 1
4.08767 3.49757 1
4.07764 3.47467 1
4.06803 3.45159 1
4.05884 3.42834 1
4.0501 3.40492 1
4.04185 3.38132 1
4.03407 3.35756 1
4.02666 3.33368 1
4.01958 3.30971 1
4.01282 3.28564 1
4.00639 3.26148 1
4.00036 3.23722 1
3.99475 3.21286 1
3.9896 3.18839 1
3.98491 3.16384 1
3.98072 3.13919 1
3.97699 3.11447 1
3.97375 3.08968 1
3.97079 3.06486 1
3.96809 3.04 1
3.96553 3.01513 1
3.96311 2.99025 1
3.96107 2.96534 1
3.95948 2.94039 1
3.95854 2.9154 1
3.95835 2.8904 1
3.95878 2.86541 1
3.95988 2.84043 1
3.96161 2.81549 1
3.96402 2.79061 1
3.96703 2.76579 1
3.97069 2.74106 1
3.97483 2.7164 1
3.97948 2.69184 1
3.9845 2.66735 1
3.99105 2.64322 1
3.998 2.61921 1
4.00539 2.59533 1
4.01336 2.57163 1
4.02196 2.54816 1
4.03106 2.52487 1
4.04113 2.50199 1
4.05174 2.47935 1
4.0629 2.45698 1
4.07459 2.43488 1
4.08679 2.41306 1
4.09952 2.39155 1
4.11272 2.37032 1
4.12641 2.3494 1
4.14038 2.32867 1
4.15475 2.3082 1
4.1695 2.28802 1
4.18458 2.26808 1
4.19997 2.24838 1
4.21563 2.22889 1
4.23156 2.20962 1
4.24778 2.1906 1
4.2642 2.17174 1
4.28083 2.15308 1
4.29776 2.13468 1
4.31483 2.11642 1
4.33207 2.09832 1
4.34946 2.08035 1
4.36702 2.06256 1
4.38474 2.04493 1
4.40264 2.02747 1
4.42073 2.01022 1
4.43944 1.99364 1
4.45809 1.97699 1
4.4767 1.9603 1
4.49553 1.94385 1
4.51425 1.92728 1
4.53287 1.9106 1
4.55153 1.89396 1
4.57012 1.87724 1
4.58867 1.86049 1
4.60723 1.84374 1
4.62577 1.82696 1
4.64439 1.81029 1
4.66299 1.79358 1
4.68157 1.77686 1
4.70024 1.76023 1
4.71891 1.74361 1
4.7377 1.72711 1
4.75649 1.71062 1
4.77532 1.69418 1
4.79418 1.67776 1
4.81307 1.66138 1
4.832 1.64506 1
4.85088 1.62867 1
4.86977 1.6123 1
4.88885 1.59614 1
4.90782 1.57986 1
4.9267 1.56347 1
4.94562 1.54713 1
4.96444 1.53067 1
4.98318 1.51413 1
5.00194 1.4976 1
5.02066 1.48103 1
5.03947 1.46456 1
5.05824 1.44805 1
5.07699 1.43152 1
5.09584 1.4151 1
5.11468 1.39866 1
5.13349 1.38219 1
5.15237 1.3658 1
5.17114 1.34929 1
5.18977 1.33262 1
5.2083 1.31584 1
5.22671 1.29893 1
5.2449 1.28178 1
5.26305 1.26458 1
5.28113 1.24732 1
5.29923 1.23007 1
5.31717 1.21266 1
5.33513 1.19527 1
5.35292 1.1777 1
5.37054 1.15997 1
5.38811 1.14219 1
5.40549 1.12421 1
5.42266 1.10604 1
5.4396 1.08765 1
5.45628 1.06903 1
5.47267 1.05016 1
5.4887 1.03097 1
5.50434 1.01147 1
5.51958 0.99165 1
5.53449 0.971585 1
5.54873 0.951034 1
5.56253 0.930188 1
5.57589 0.909061 1
5.58824 0.887322 1
5.6001 0.865315 1
5.6114 0.843015 1
5.62216 0.820451 1
5.63233 0.797612 1
5.64142 0.774322 1
5.64988 0.750797 1
5.65774 0.727065 1
5.66498 0.703137 1
5.67167 0.679048 1
5.67781 0.654815 1
5.68348 0.630466 1
5.68874 0.606025 1
5.69357 0.581495 1
5.69795 0.556883 1
5.70189 0.532195 1
5.70539 0.50744 1
5.70843 0.482626 1
5.71104 0.457764 1
5.71321 0.432858 1
5.71496 0.407919 1
5.71626 0.382952 1
5.71711 0.357967 1
5.71748 0.33297 1
5.71731 0.307971 1
5.71658 0.282981 1
5.71533 0.258012 1
5.71354 0.233077 1
5.71121 0.208186 1
5.70834 0.18335 1
5.70497 0.15858 1
5.70102 0.133893 1
5.69644 0.109316 1
5.69121 0.0848687 1
5.68542 0.0605485 1
5.67915 0.0363488 1
5.6725 0.0122498 1
5.6654 -0.0117232 1
5.65791 -0.0355742 1
5.65 -0.0592887 1
5.64174 -0.0828856 1
5.63313 -0.106354 1
5.6243 -0.129743 1
5.61522 -0.153039 1
5.606 -0.176274 1
5.59664 -0.199457 1
5.58721 -0.22261 1
5.57775 -0.245752 1
5.56827 -0.268883 1
5.55879 -0.292017 1
5.54928 -0.315137 1
5.53976 -0.338255 1
5.53031 -0.361398 1
5.52095 -0.384581 1
5.51169 -0.407803 1
5.50255 -0.431073 1
5.49361 -0.454418 1
5.48496 -0.477874 1
5.47667 -0.50146 1
5.46879 -0.525185 1
5.46141 -0.54907 1
5.45453 -0.573105 1
5.44818 -0.597287 1
5.44243 -0.621617 1
5.43734 -0.646092 1
5.43296 -0.670705 1
5.42935 -0.695443 1
5.42661 -0.720293 1
5.42486 -0.745232 1
5.42405 -0.770219 1
5.42417 -0.795218 1
5.42522 -0.820196 1
5.42722 -0.845116 1
5.43012 -0.869947 1
5.43586 -0.89428 1
5.4427 -0.918325 1
5.45043 -0.942102 1
5.45872 -0.965685 1
5.46695 -0.989292 1
5.47521 -1.01289 1
5.48554 -1.03566 1
5.49603 -1.05835 1
5.50581 -1.08136 1
5.51508 -1.10457 1
5.52357 -1.12809 1
5.53531 -1.15016 1
5.54664 -1.17244 1
5.55757 -1.19493 1
5.56826 -1.21753 1
5.57885 -1.24017 1
5.59253 -1.2611 1
5.60633 -1.28195 1
5.62053 -1.30252 1
5.63751 -1.32087 1
5.65478 -1.33895 1
5.6726 -1.35648 1
5.69217 -1.37204 1
5.71215 -1.38706 1
5.73261 -1.40143 1
5.754 -1.41438 1
5.77577 -1.42666 1
5.79831 -1.43747 1
5.8212 -1.44754 1
5.84459 -1.45637 1
5.8682 -1.46459 1
5.89209 -1.47193 1
5.91615 -1.47872 1
5.94043 -1.48469 1
5.96482 -1.49019 1
5.98934 -1.49505 1
6.01394 -1.4995 1
6.0386 -1.50363 1
6.06333 -1.50731 1
6.08817 -1.51012 1
6.11305 -1.51258 1
6.13798 -1.51433 1
6.16294 -1.51584 1
6.18791 -1.51701 1
6.21289 -1.51794 1
6.23789 -1.51813 1
6.26289 -1.51815 1
6.28787 -1.51702 1
6.31285 -1.51601 1
6.33784 -1.51553 1
6.36284 -1.515 1
6.3878 -1.51371 1
6.41278 -1.51264 1
6.43589 -1.50311 1
6.45932 -1.49437 1
6.48298 -1.4863 1
6.50727 -1.48041 1
6.53135 -1.47367 1
6.55511 -1.46591 1
6.57809 -1.45606 1
6.60067 -1.44533 1
6.62323 -1.43455 1
6.64565 -1.42348 1
6.66816 -1.41262 1
6.69176 -1.40437 1
6.71543 -1.39632 1
6.73928 -1.38883 1
6.76311 -1.38126 1
6.78693 -1.37367 1
6.81072 -1.366 1
6.83422 -1.35747 1
6.85763 -1.3487 1
6.8811 -1.34007 1
6.90454 -1.33139 1
6.92804 -1.32285 1
6.95154 -1.31434 1
6.97472 -1.30496 1
6.99811 -1.29615 1
7.02153 -1.28739 1
7.04502 -1.27883 1
7.0685 -1.27025 1
7.09187 -1.26136 1
7.11506 -1.25204 1
7.13827 -1.24275 1
7.16155 -1.23363 1
7.1849 -1.22471 1
7.20829 -1.21588 1
7.23149 -1.20655 1
7.25482 -1.19757 1
7.27817 -1.18863 1
7.30147 -1.17959 1
7.3248 -1.1706 1
7.34805 -1.16142 1
7.37104 -1.15159 1
7.39411 -1.14196 1
7.41724 -1.13248 1
7.44045 -1.12318 1
7.46368 -1.11394 1
7.4868 -1.10443 1
7.50994 -1.09497 1
7.53309 -1.08554 1
7.55625 -1.07612 1
7.57939 -1.06665 1
7.60267 -1.05753 1
7.62579 -1.04804 1
7.64914 -1.0391 1
7.67232 -1.02973 1
7.69532 -1.01994 1
7.71827 -1.01002 1
7.74167 -1.00123 1
7.76511 -0.992528 1
7.78852 -0.983765 1
7.81196 -0.975064 1
7.83537 -0.966283 1
7.85829 -0.956306 1
7.88132 -0.946564 1
7.90447 -0.93714 1
7.92764 -0.927745 1
7.95093 -0.918658 1
7.97415 -0.909396 1
7.99715 -0.899596 1
8.02021 -0.889939 1
8.04335 -0.880473 1
8.06647 -0.87096 1
8.08984 -0.862098 1
8.11292 -0.852488 1
8.13634 -0.843735 1
8.15957 -0.834501 1
8.18265 -0.824884 1
8.20559 -0.81496 1
8.22906 -0.806329 1
8.25248 -0.797589 1
8.27593 -0.788933 1
8.29937 -0.780226 1
8.32282 -0.771572 1
8.34625 -0.762844 1
8.36926 -0.753076 1
8.39246 -0.743766 1
8.41569 -0.734508 1
8.4391 -0.725738 1
8.46244 -0.716797 1
8.48548 -0.707081 1
8.5086 -0.697561 1
8.53177 -0.688194 1
8.55503 -0.67902 1
8.57827 -0.669817 1
8.60177 -0.661265 1
8.62509 -0.652267 1
8.64861 -0.643777 1
8.67193 -0.634774 1
8.69492 -0.624963 1
8.71787 -0.615053 1
8.74124 -0.606163 1
8.76468 -0.597466 1
8.78819 -0.588978 1
8.81173 -0.580559 1
8.83533 -0.572314 1
8.85893 -0.564062 1
8.88219 -0.554896 1
8.90561 -0.546136 1
8.92902 -0.537361 1
8.95234 -0.528361 1
8.97569 -0.519423 1
8.999 -0.510392 1
9.02199 -0.500577 1
9.04519 -0.491244 1
9.06844 -0.482063 1
9.09181 -0.473191 1
9.1152 -0.464348 1
9.13836 -0.454953 1
9.16158 -0.445673 1
9.18493 -0.436736 1
9.20825 -0.427741 1
9.23156 -0.418704 1
9.25486 -0.409651 1
9.27809 -0.400409 1
9.30167 -0.392093 1
9.32518 -0.383591 1
9.34897 -0.375924 1
9.37257 -0.367676 1
9.39579 -0.358411 1
9.41915 -0.349499 1
9.44213 -0.339659 1
9.46509 -0.329752 1
9.48789 -0.319506 1
9.51078 -0.309456 1
9.53449 -0.301517 1
9.55837 -0.294143 1
9.58227 -0.28679 1
9.60619 -0.27953 1
9.63012 -0.27228 1
9.65397 -0.264799 1
9.67789 -0.257511 1
9.70163 -0.249699 1
9.72549 -0.242235 1
9.74946 -0.235107 1
9.77351 -0.22831 1
9.79773 -0.222107 1
9.82201 -0.216159 1
9.84636 -0.210458 1
9.87058 -0.204288 1
9.89488 -0.19842 1
9.91927 -0.192905 1
9.94383 -0.188219 1
9.96842 -0.183721 1
9.99299 -0.179139 1
10.0176 -0.174916 1
10.0423 -0.170939 1
10.0671 -0.167406 1
10.0919 -0.16458 1
10.1168 -0.162176 1
10.1417 -0.160216 1
10.1667 -0.15878 1
10.1916 -0.157695 1
10.2166 -0.157355 1
10.2416 -0.15805 1
10.2666 -0.159646 1
10.2914 -0.162503 1
10.3161 -0.166399 1
10.3405 -0.171799 1
10.3647 -0.178256 1
10.3883 -0.186309 1
10.4116 -0.195383 1
10.4344 -0.205619 1
10.4568 -0.216751 1
10.479 -0.228261 1
10.5009 -0.240288 1
10.5228 -0.252371 1
10.5442 -0.265317 1
10.5651 -0.279011 1
10.5853 -0.293796 1
10.6049 -0.309309 1
10.6239 -0.325589 1
10.6418 -0.343028 1
10.659 -0.361107 1
10.6756 -0.379853 1
10.6908 -0.399701 1
10.7053 -0.420059 1
10.7191 -0.440923 1
10.732 -0.462295 1
10.7437 -0.484429 1
10.7545 -0.506955 1
10.7647 -0.529805 1
10.774 -0.55299 1
10.7825 -0.576501 1
10.7901 -0.600323 1
10.7969 -0.62439 1
10.8028 -0.648669 1
10.808 -0.673119 1
10.8125 -0.697708 1
10.8164 -0.722411 1
10.8196 -0.747208 1
10.8221 -0.77208 1
10.824 -0.797011 1
10.8251 -0.821983 1
10.8255 -0.84698 1
10.825 -0.871976 1
10.8235 -0.896928 1
10.8208 -0.921783 1
10.8167 -0.946448 1
10.8113 -0.970857 1
10.8048 -0.99498 1
10.797 -1.01874 1
10.7879 -1.04203 1
10.7777 -1.06486 1
10.7665 -1.08722 1
10.7543 -1.10905 1
10.7413 -1.1304 1
10.7275 -1.15121 1
10.7129 -1.17152 1
10.6976 -1.1913 1
10.6816 -1.21048 1
10.6649 -1.22912 1
10.6476 -1.24718 1
10.6298 -1.26465 1
10.6113 -1.28153 1
10.5923 -1.29778 1
10.5729 -1.31348 1
10.553 -1.32864 1
10.5327 -1.34322 1
10.512 -1.35733 1
10.4912 -1.37109 1
10.47 -1.38445 1
10.4487 -1.39744 1
10.4271 -1.41006 1
10.4054 -1.42242 1
10.3835 -1.43459 1
10.3616 -1.44669 1
10.3397 -1.45873 1
10.3178 -1.47066 1
10.2957 -1.48248 1
10.2737 -1.49422 1
10.2515 -1.50579 1
10.2293 -1.51723 1
10.207 -1.52866 1
10.1848 -1.54009 1
10.1626 -1.55149 1
10.1403 -1.5628 1
10.1179 -1.57407 1
10.0956 -1.58522 1
10.0731 -1.59625 1
10.0506 -1.60709 1
10.028 -1.61788 1
10.0055 -1.62868 1
9.98297 -1.63951 1
9.96046 -1.65039 1
9.93794 -1.66125 1
9.9154 -1.67205 1
9.89283 -1.6828 1
9.87025 -1.69353 1
9.84761 -1.70414 1
9.82492 -1.71464 1
9.80221 -1.72509 1
9.77949 -1.73551 1
9.75677 -1.74596 1
9.73404 -1.75636 1
9.71134 -1.76684 1
9.68864 -1.77731 1
9.66592 -1.78774 1
9.64316 -1.7981 1
9.62037 -1.80835 1
9.5976 -1.81869 1
9.57489 -1.82914 1
9.55223 -1.83969 1
9.52962 -1.85037 1
9.50703 -1.86107 1
9.48445 -1.87181 1
9.46188 -1.88254 1
9.43928 -1.89324 1
9.41667 -1.90392 1
9.39405 -1.91456 1
9.37145 -1.92524 1
9.34887 -1.93598 1
9.32633 -1.94679 1
9.30382 -1.95766 1
9.28131 -1.96853 1
9.25876 -1.97933 1
9.23615 -1.99 1
9.21356 -2.00071 1
9.19093 -2.01133 1
9.16827 -2.02191 1
9.14557 -2.03236 1
9.12279 -2.04266 1
9.09992 -2.05278 1
9.07704 -2.06284 1
9.05422 -2.07307 1
9.03148 -2.08344 1
9.00876 -2.09386 1
8.98606 -2.10435 1
8.96341 -2.11492 1
8.94078 -2.12554 1
8.91815 -2.13618 1
8.89551 -2.14679 1
8.87284 -2.15732 1
8.85017 -2.16786 1
8.82753 -2.17846 1
8.80497 -2.18924 1
8.78244 -2.20007 1
8.75998 -2.21105 1
8.73753 -2.22205 1
8.715 -2.23288 1
8.69234 -2.24344 1
8.66952 -2.25366 1
8.64665 -2.26376 1
8.62381 -2.27392 1
8.601 -2.28415 1
8.57822 -2.29446 1
8.55548 -2.30483 1
8.53273 -2.3152 1
8.50997 -2.32555 1
8.48722 -2.33591 1
8.46452 -2.34639 1
8.44188 -2.35699 1
8.41927 -2.36765 1
8.3967 -2.3784 1
8.37416 -2.38922 1
8.35161 -2.40001 1
8.32903 -2.41075 1
8.30646 -2.4215 1
8.28386 -2.43219 1
8.26123 -2.4428 1
8.23851 -2.45323 1
8.21576 -2.46361 1
8.193 -2.47395 1
8.17028 -2.48438 1
8.1476 -2.4949 1
8.12496 -2.50551 1
8.10236 -2.51619 1
8.07974 -2.52684 1
8.05703 -2.53728 1
8.03419 -2.54745 1
8.0112 -2.55727 1
7.98823 -2.56713 1
7.96528 -2.57705 1
7.94235 -2.58703 1
7.91946 -2.59708 1
7.89658 -2.60715 1
7.87368 -2.61717 1
7.85075 -2.62713 1
7.82781 -2.63707 1
7.80486 -2.64699 1
7.78188 -2.65682 1
7.75884 -2.66653 1
7.73575 -2.67612 1
7.71264 -2.68567 1
7.68951 -2.69513 1
7.66635 -2.70456 1
7.64316 -2.7139 1
7.61992 -2.72312 1
7.59661 -2.73216 1
7.57322 -2.74097 1
7.54973 -2.74953 1
7.52617 -2.75788 1
7.50262 -2.76629 1
7.47908 -2.7747 1
7.45554 -2.78312 1
7.43198 -2.79148 1
7.40834 -2.79962 1
7.38461 -2.80749 1
7.33461 -2.85749 1
7.31529 -2.86928 1
7.2908 -2.8743 1
7.26662 -2.88066 1
7.24287 -2.88845 1
7.21966 -2.89776 1
7.19705 -2.90841 1
7.17444 -2.91908 1
7.15185 -2.9298 1
7.12929 -2.94058 1
7.10674 -2.95137 1
7.08418 -2.96212 1
7.0616 -2.97287 1
7.03905 -2.98365 1
7.01651 -2.99447 1
6.99397 -3.00529 1
6.9714 -3.01604 1
6.94882 -3.02676 1
6.92623 -3.03748 1
6.90368 -3.04827 1
6.88114 -3.05909 1
6.85859 -3.06988 1
6.83606 -3.08071 1
6.81355 -3.09159 1
6.79106 -3.10251 1
6.76856 -3.11341 1
6.74605 -3.12428 1
6.72357 -3.13521 1
6.70111 -3.1462 1
6.67867 -3.15721 1
6.65618 -3.16814 1
6.63369 -3.17905 1
6.61119 -3.18996 1
6.58865 -3.20077 1
6.56606 -3.21148 1
6.54345 -3.22215 1
6.52086 -3.23285 1
6.49828 -3.24359 1
6.47571 -3.25433 1
6.45309 -3.26498 1
6.43046 -3.2756 1
6.40782 -3.2862 1
6.38517 -3.29678 1
6.36247 -3.30726 1
6.33972 -3.31762 1
6.31697 -3.328 1
6.29426 -3.33846 1
6.27158 -3.34897 1
6.2489 -3.35948 1
6.2262 -3.36996 1
6.20348 -3.38039 1
6.18073 -3.39075 1
6.15797 -3.40109 1
6.1352 -3.41142 1
6.11245 -3.42179 1
6.08974 -3.43224 1
6.06709 -3.44282 1
6.04449 -3.4535 1
6.02189 -3.46419 1
5.99929 -3.47489 1
5.97672 -3.48563 1
5.95415 -3.4964 1
5.93156 -3.5071 1
5.90896 -3.51779 1
5.88637 -3.52849 1
5.86378 -3.53921 1
5.84117 -3.54987 1
5.81853 -3.56048 1
5.79585 -3.57099 1
5.77313 -3.58143 1
5.75036 -3.59175 1
5.7275 -3.60185 1
5.70455 -3.61178 1
5.68159 -3.62167 1
5.65866 -3.63164 1
5.63578 -3.6417 1
5.61294 -3.65188 1
5.59014 -3.66214 1
5.56737 -3.67244 1
5.54461 -3.68278 1
5.52187 -3.69318 1
5.49914 -3.70358 1
5.47642 -3.71401 1
5.45372 -3.72449 1
5.43107 -3.73508 1
5.40849 -3.7458 1
5.38595 -3.75662 1
5.3634 -3.7674 1
5.34085 -3.77819 1
5.31832 -3.78903 1
5.29578 -3.79985 1
5.27321 -3.8106 1
5.25063 -3.82133 1
5.22807 -3.83211 1
5.20555 -3.84296 1
5.18305 -3.85385 1
5.16052 -3.8647 1
5.13799 -3.87553 1
5.11548 -3.8864 1
5.09297 -3.89729 1
5.07046 -3.90817 1
5.04792 -3.91897 1
5.02536 -3.92976 1
5.00283 -3.94058 1
4.98032 -3.95145 1
4.9578 -3.96232 1
4.93528 -3.97317 1
4.91274 -3.98398 1
4.89017 -3.99473 1
4.8676 -4.00549 1
4.84504 -4.01625 1
4.82246 -4.02699 1
4.79988 -4.03772 1
4.77731 -4.04847 1
4.75471 -4.05917 1
4.73211 -4.06984 1
4.7095 -4.08052 1
4.68691 -4.09122 1
4.66434 -4.10198 1
4.64177 -4.11274 1
4.6192 -4.12349 1
4.59663 -4.13423 1
4.57407 -4.14501 1
4.55152 -4.15579 1
4.52895 -4.16654 1
4.50635 -4.17724 1
4.48375 -4.18793 1
4.46116 -4.19863 1
4.43854 -4.20928 1
4.4159 -4.21989 1
4.39325 -4.23046 1
4.37061 -4.24108 1
4.34802 -4.25177 1
4.32545 -4.26253 1
4.30287 -4.27326 1
4.28028 -4.28396 1
4.2577 -4.29471 1
4.23509 -4.30538 1
4.21253 -4.31613 1
4.18994 -4.32686 1
4.16728 -4.33741 1
4.1445 -4.34771 1
4.12159 -4.35771 1
4.09871 -4.3678 1
4.07588 -4.37799 1
4.05306 -4.38819 1
4.03025 -4.39841 1
4.00746 -4.40869 1
3.98465 -4.41894 1
3.96184 -4.42916 1
3.93897 -4.43926 1
3.91604 -4.44922 1
3.89301 -4.45895 1
3.86997 -4.46866 1
3.84692 -4.47833 1
3.82387 -4.48801 1
3.80081 -4.49767 1
3.7777 -4.50721 1
3.75452 -4.51656 1
3.73127 -4.52576 1
3.70798 -4.53483 1
3.6846 -4.54369 1
3.66111 -4.55225 1
3.6375 -4.56048 1
3.61384 -4.56855 1
3.59013 -4.57647 1
3.56637 -4.58424 1
3.54255 -4.59186 1
3.51867 -4.59925 1
3.49469 -4.60632 1
3.47064 -4.61312 1
3.44651 -4.61969 1
3.42232 -4.626 1
3.39806 -4.63202 1
3.37374 -4.63782 1
3.34941 -4.64357 1
3.32509 -4.64934 1
3.30077 -4.65514 1
3.27644 -4.66088 1
3.25206 -4.66643 1
3.22764 -4.67176 1
3.20315 -4.67678 1
3.17859 -4.68149 1
3.15398 -4.68585 1
3.1293 -4.68989 1
3.10459 -4.69365 1
3.07983 -4.69713 1
3.05503 -4.70025 1
3.03018 -4.703 1
3.00529 -4.70536 1
2.98036 -4.70729 1
2.9554 -4.7087 1
2.93042 -4.70952 1
2.90542 -4.70956 1
2.88043 -4.70876 1
2.85589 -4.70402 1
2.83159 -4.69812 1
2.80732 -4.69214 1
2.78311 -4.68588 1
2.75922 -4.67854 1
2.73573 -4.66997 1
2.71211 -4.66177 1
2.69004 -4.65004 1
2.66773 -4.63875 1
2.64519 -4.62794 1
2.62245 -4.61754 1
2.59995 -4.60664 1
2.57727 -4.59613 1
2.55418 -4.58654 1
2.53077 -4.57777 1
2.50697 -4.57012 1
2.48284 -4.5636 1
2.45831 -4.55874 1
2.43553 -4.54845 1
2.41238 -4.53902 1
2.38898 -4.53022 1
2.36513 -4.5227 1
2.34089 -4.51661 1
2.31613 -4.51309 1
2.2937 -4.50207 1
2.27089 -4.49182 1
2.24775 -4.48237 1
2.22428 -4.47376 1
2.20047 -4.46612 1
2.1764 -4.45937 1
2.15204 -4.45376 1
2.12744 -4.44933 1
2.10263 -4.44623 1
2.07769 -4.44443 1
2.05275 -4.44276 1
2.02779 -4.44129 1
2.00282 -4.44006 1
1.97784 -4.43918 1
1.95284 -4.43862 1
1.92784 -4.43853 1
1.90285 -4.43891 1
1.87787 -4.4399 1
1.85291 -4.44142 1
1.82801 -4.4436 1
1.80316 -4.44636 1
1.7784 -4.4498 1
1.75373 -4.45383 1
1.72916 -4.45848 1
1.70483 -4.45276 1
1.68086 -4.44563 1
1.65731 -4.43723 1
1.63424 -4.42762 1
1.61174 -4.41672 1
1.58892 -4.4065 1
1.5664 -4.39565 1
1.54423 -4.38409 1
1.52251 -4.37171 1
1.50131 -4.35847 1
1.48081 -4.34416 1
1.46082 -4.32915 1
1.44139 -4.31341 1
1.42266 -4.29685 1
1.40432 -4.27986 1
1.38644 -4.26239 1
1.36905 -4.24443 1
1.35188 -4.22626 1
1.33504 -4.20778 1
1.31857 -4.18897 1
1.30222 -4.17006 1
1.2864 -4.1507 1
1.27057 -4.13136 1
1.25478 -4.11197 1
1.23936 -4.0923 1
1.22395 -4.07261 1
1.2088 -4.05272 1
1.19354 -4.03292 1
1.17835 -4.01306 1
1.16342 -3.99301 1
1.14831 -3.97309 1
1.1339 -3.95266 1
1.11917 -3.93246 1
1.10429 -3.91237 1
1.08982 -3.89199 1
1.0752 -3.87171 1
1.06088 -3.85121 1
1.04633 -3.83089 1
1.03179 -3.81055 1
1.01753 -3.79002 1
1.00299 -3.76968 1
0.989203 -3.74882 1
0.975207 -3.72811 1
0.961704 -3.70707 1
0.947955 -3.68619 1
0.934051 -3.66541 1
0.920627 -3.64432 1
0.906798 -3.6235 1
0.893209 -3.60251 1
0.87936 -3.5817 1
0.865213 -3.56109 1
0.851095 -3.54045 1
0.836723 -3.52 1
0.82311 -3.49903 1
0.80907 -3.47834 1
0.795434 -3.45739 1
0.781662 -3.43653 1
0.767822 -3.41571 1
0.754506 -3.39455 1
0.741247 -3.37335 1
0.728521 -3.35183 1
0.716021 -3.33018 1
0.703773 -3.30839 1
0.691903 -3.28639 1
0.680287 -3.26425 1
0.669242 -3.24182 1
0.658428 -3.21928 1
0.648104 -3.19651 1
0.638021 -3.17364 1
0.628355 -3.15058 1
0.619017 -3.12739 1
0.610158 -3.10401 1
0.601575 -3.08053 1
0.593557 -3.05685 1
0.585709 -3.03312 1
0.578173 -3.00928 1
0.57116 -2.98528 1
0.564426 -2.96121 1
0.558081 -2.93703 1
0.552069 -2.91276 1
0.546489 -2.88839 1
0.541192 -2.86396 1
0.53613 -2.83948 1
0.531377 -2.81493 1
0.527012 -2.79032 1
0.522951 -2.76565 1
0.51926 -2.74092 1
0.51582 -2.71616 1
0.512695 -2.69136 1
0.509784 -2.66652 1
0.507121 -2.64167 1
0.504653 -2.61679 1
0.502473 -2.59188 1
0.50043 -2.56697 1
0.498501 -2.54204 1
0.496692 -2.51711 1
0.495015 -2.49216 1
0.493429 -2.46721 1
0.49195 -2.44226 1
0.490529 -2.4173 1
0.489182 -2.39234 1
0.487851 -2.36737 1
0.486535 -2.34241 1
0.485193 -2.31744 1
0.483835 -2.29248 1
0.482385 -2.26752 1
0.480717 -2.24258 1
0.478989 -2.21764 1
0.476945 -2.19272 1
0.474928 -2.1678 1
0.472913 -2.14288 1
0.47088 -2.11797 1
0.468863 -2.09305 1
0.466808 -2.06813 1
0.464662 -2.04322 1
0.462516 -2.01832 1
0.460405 -1.99341 1
0.45828 -1.9685 1
0.456196 -1.94358 1
0.454081 -1.91867 1
0.451946 -1.89376 1
0.449777 -1.86886 1
0.447582 -1.84395 1
0.445344 -1.81906 1
0.443071 -1.79416 1
0.440742 -1.76927 1
0.438336 -1.74438 1
0.435875 -1.7195 1
0.433518 -1.69462 1
0.431003 -1.66974 1
0.428222 -1.6449 1
0.425277 -1.62007 1
0.421909 -1.5953 1
0.418394 -1.57055 1
0.414586 -1.54584 1
0.410501 -1.52118 1
0.406117 -1.49656 1
0.401351 -1.47202 1
0.396171 -1.44756 1
0.39053 -1.42321 1
0.384384 -1.39898 1
0.377931 -1.37482 1
0.371195 -1.35075 1
0.364016 -1.3268 1
0.356411 -1.30299 1
0.348186 -1.27938 1
0.339315 -1.25601 1
0.329748 -1.23291 1
0.319584 -1.21007 1
0.308839 -1.18749 1
0.297437 -1.16524 1
0.285365 -1.14335 1
0.272544 -1.12189 1
0.26178 -1.09933 1
0.2496 -1.07749 1
0.234612 -1.05749 1
0.184612 -1.00749 1
0.2 -0.9 1
0.18 -0.8 1
0.15 -0.7 1
0.12 -0.6 1
0.1 -0.5 1
0.08 -0.38 1
0.06 -0.25 1
0.04 -0.12 1
0.0346121 -0.00748587 1