0.134612 -0.00748587 1
0.145312 0.0324822 1
0.147045 0.0574227 1
0.148883 0.0823548 1
0.150378 0.10731 1
0.151931 0.132262 1
0.15318 0.15723 1
0.154466 0.182198 1
0.155517 0.207176 1
0.156604 0.232152 1
0.157669 0.257129 1
0.158738 0.282106 1
0.15976 0.307086 1
0.160748 0.332066 1
0.161642 0.35705 1
0.162466 0.382036 1
0.163213 0.407025 1
0.16382 0.432018 1
0.164066 0.457016 1
0.16418 0.482016 1
0.16391 0.507015 1
0.163549 0.532012 1
0.162993 0.557006 1
0.162347 0.581998 1
0.161544 0.606985 1
0.160647 0.631969 1
0.159598 0.656947 1
0.158461 0.681921 1
0.157207 0.706889 1
0.155847 0.731852 1
0.154247 0.756801 1
0.152551 0.781744 1
0.150446 0.806654 1
0.148353 0.831567 1
0.146225 0.856476 1
0.144118 0.881387 1
0.14202 0.906299 1
0.13999 0.931217 1
0.138161 0.956149 1
0.136403 0.981088 1
0.134833 1.00604 1
0.133331 1.03099 1
0.131995 1.05596 1
0.130719 1.08093 1
0.129586 1.1059 1
0.128506 1.13088 1
0.127547 1.15586 1
0.126633 1.18084 1
0.12582 1.20583 1
0.125045 1.23082 1
0.124355 1.25581 1
0.123696 1.2808 1
0.123108 1.30579 1
0.122546 1.33078 1
0.122043 1.35578 1
0.121563 1.38077 1
0.121131 1.40577 1
0.120718 1.43077 1
0.120345 1.45576 1
0.119988 1.48076 1
0.119665 1.50576 1
0.119355 1.53076 1
0.119073 1.55576 1
0.118802 1.58075 1
0.118555 1.60575 1
0.118316 1.63075 1
0.118098 1.65575 1
0.117886 1.68075 1
0.11769 1.70575 1
0.117499 1.73075 1
0.117322 1.75575 1
0.117148 1.78075 1
0.116984 1.80575 1
0.116823 1.83075 1
0.116668 1.85575 1
0.116514 1.88075 1
0.116364 1.90575 1
0.116211 1.93075 1
0.11606 1.95574 1
0.115905 1.98074 1
0.115748 2.00574 1
0.115582 2.03074 1
0.11541 2.05574 1
0.115227 2.08074 1
0.115031 2.10574 1
0.114819 2.13074 1
0.114589 2.15574 1
0.114335 2.18074 1
0.114055 2.20574 1
0.113742 2.23073 1
0.113405 2.25573 1
0.113017 2.28073 1
0.112441 2.30572 1
0.111864 2.33072 1
0.11138 2.35571 1
0.110837 2.3807 1
0.110262 2.4057 1
0.109594 2.43069 1
0.108714 2.45567 1
0.107765 2.48066 1
0.106622 2.50563 1
0.10543 2.5306 1
0.104094 2.55557 1
0.102746 2.58053 1
0.101314 2.60549 1
0.0999174 2.63045 1
0.0985418 2.65541 1
0.0972242 2.68038 1
0.095968 2.70534 1
0.0947935 2.73032 1
0.0938165 2.7553 1
0.0928961 2.78028 1
0.0920793 2.80527 1
0.0913114 2.83026 1
0.0906355 2.85525 1
0.0900011 2.88024 1
0.0894472 2.90523 1
0.0889284 2.93023 1
0.0884794 2.95522 1
0.0880586 2.98022 1
0.0876966 3.00522 1
0.0873579 3.03021 1
0.087068 3.05521 1
0.0867964 3.08021 1
0.0865648 3.10521 1
0.0863485 3.13021 1
0.0861643 3.15521 1
0.0859922 3.18021 1
0.0858461 3.20521 1
0.0857099 3.23021 1
0.0855947 3.25521 1
0.0854875 3.28021 1
0.0853971 3.30521 1
0.0853132 3.33021 1
0.085243 3.35521 1
0.0851782 3.38021 1
0.0851244 3.40521 1
0.0850752 3.43021 1
0.0850355 3.45521 1
0.0849996 3.48021 1
0.0849722 3.50521 1
0.0849485 3.53021 1
0.0849325 3.55521 1
0.0849203 3.58021 1
0.0849149 3.60521 1
0.0849146 3.63021 1
0.0849218 3.65521 1
0.0849348 3.68021 1
0.0849558 3.70521 1
0.0849848 3.73021 1
0.0850237 3.75521 1
0.0850725 3.78021 1
0.0851343 3.80521 1
0.0852098 3.83021 1
0.0853029 3.85521 1
0.0854151 3.88021 1
0.0855509 3.90521 1
0.0857141 3.9302 1
0.0859102 3.9552 1
0.086144 3.9802 1
0.0864305 4.0052 1
0.0867677 4.0302 1
0.0873266 4.05519 1
0.0878732 4.08019 1
0.0885275 4.10518 1
0.0891046 4.13017 1
0.0895536 4.15517 1
0.0899168 4.18017 1
0.0901354 4.20516 1
0.0902517 4.23016 1
0.0903818 4.25516 1
0.0903036 4.28016 1
0.0897737 4.30516 1
0.0890508 4.33015 1
0.0880823 4.35513 1
0.086865 4.3801 1
0.0853449 4.40505 1
0.0835008 4.42999 1
0.0849523 4.45494 1
0.0862818 4.47991 1
0.0873384 4.50488 1
0.0883463 4.52986 1
0.0891958 4.55485 1
0.0900484 4.57984 1
0.0908811 4.60482 1
0.091731 4.62981 1
0.0925768 4.65479 1
0.0934564 4.67978 1
0.0940588 4.70477 1
0.0948789 4.72976 1
0.0962526 4.75472 1
0.0977049 4.77968 1
0.0992304 4.80463 1
0.100861 4.82958 1
0.10232 4.85453 1
0.104071 4.87947 1
0.106383 4.90437 1
0.108895 4.92924 1
0.111777 4.95407 1
0.114819 4.97889 1
0.118524 5.00361 1
0.122217 5.02834 1
0.126327 5.053 1
0.130322 5.07768 1
0.13415 5.10238 1
0.13966 5.12677 1
0.145533 5.15107 1
0.151484 5.17535 1
0.157676 5.19957 1
0.163996 5.22376 1
0.170746 5.24783 1
0.177632 5.27186 1
0.186012 5.29541 1
0.194621 5.31888 1
0.203512 5.34225 1
0.213009 5.36538 1
0.222709 5.38842 1
0.232654 5.41135 1
0.243639 5.43381 1
0.255245 5.45596 1
0.26714 5.47794 1
0.279618 5.49961 1
0.292596 5.52097 1
0.305935 5.54212 1
0.319971 5.56281 1
0.334249 5.58333 1
0.349296 5.60329 1
0.364523 5.62312 1
0.380092 5.64268 1
0.395992 5.66197 1
0.412139 5.68106 1
0.428508 5.69995 1
0.445366 5.71842 1
0.462509 5.73661 1
0.479906 5.75457 1
0.4979 5.77192 1
0.51612 5.78904 1
0.534567 5.80591 1
0.553275 5.8225 1
0.572349 5.83866 1
0.59176 5.85441 1
0.611577 5.86966 1
0.631801 5.88435 1
0.652831 5.89787 1
0.674049 5.91109 1
0.695631 5.92371 1
0.717366 5.93606 1
0.739578 5.94753 1
0.761955 5.95868 1
0.784787 5.96886 1
0.80769 5.97889 1
0.830705 5.98865 1
0.854164 5.99729 1
0.87782 6.00538 1
0.901789 6.01248 1
0.925863 6.01922 1
0.950219 6.02486 1
0.974601 6.03039 1
0.999065 6.03554 1
1.02356 6.04051 1
1.04811 6.04527 1
1.0727 6.04976 1
1.09735 6.05391 1
1.12206 6.05776 1
1.14681 6.06127 1
1.1716 6.06448 1
1.19644 6.06735 1
1.2213 6.06993 1
1.24621 6.07206 1
1.27114 6.07394 1
1.29609 6.07555 1
1.32105 6.07691 1
1.34603 6.07796 1
1.37102 6.07873 1
1.39601 6.07927 1
1.42101 6.07942 1
1.44601 6.07888 1
1.47099 6.07786 1
1.49591 6.07598 1
1.52078 6.07341 1
1.54539 6.06902 1
1.56981 6.06365 1
1.59417 6.05805 1
1.61819 6.05111 1
1.64146 6.04196 1
1.66446 6.03216 1
1.68688 6.0211 1
1.70904 6.00953 1
1.73089 5.99738 1
1.75251 5.98483 1
1.77428 5.97255 1
1.79603 5.96022 1
1.81806 5.9484 1
1.83998 5.93637 1
1.86169 5.92397 1
1.88313 5.91113 1
1.90411 5.89753 1
1.92486 5.88357 1
1.94511 5.86892 1
1.96512 5.85394 1
1.98466 5.83834 1
2.00398 5.82248 1
2.02305 5.8063 1
2.04181 5.78978 1
2.06025 5.7729 1
2.07835 5.75566 1
2.09606 5.73801 1
2.11348 5.72008 1
2.13064 5.7019 1
2.14755 5.68348 1
2.16424 5.66487 1
2.18077 5.64612 1
2.19743 5.62748 1
2.21393 5.6087 1
2.23038 5.58987 1
2.24732 5.57148 1
2.2642 5.55304 1
2.28116 5.53468 1
2.29851 5.51668 1
2.31594 5.49876 1
2.33352 5.48098 1
2.35136 5.46346 1
2.36935 5.44611 1
2.38759 5.42901 1
2.40572 5.41179 1
2.42393 5.39467 1
2.44223 5.37763 1
2.46023 5.36028 1
2.47822 5.34293 1
2.49639 5.32575 1
2.51408 5.30809 1
2.53172 5.29037 1
2.54979 5.2731 1
2.56725 5.2552 1
2.58456 5.23716 1
2.60244 5.21969 1
2.61963 5.20154 1
2.63865 5.18532 1
2.65676 5.16808 1
2.67424 5.15021 1
2.69318 5.13389 1
2.71149 5.11687 1
2.72945 5.09948 1
2.74922 5.08418 1
2.76875 5.06857 1
2.7895 5.05462 1
2.81045 5.04099 1
2.83155 5.02758 1
2.85341 5.01544 1
2.87564 5.00401 1
2.8987 4.99435 1
2.92194 4.98514 1
2.94551 4.97681 1
2.96931 4.96915 1
2.99338 4.96239 1
3.01761 4.95623 1
3.04202 4.95083 1
3.06654 4.94597 1
3.09126 4.9422 1
3.11604 4.9389 1
3.14094 4.93666 1
3.16587 4.93479 1
3.19083 4.93347 1
3.21581 4.93254 1
3.24081 4.933 1
3.2658 4.93373 1
3.29075 4.93534 1
3.31468 4.94258 1
3.33936 4.94653 1
3.36383 4.95166 1
3.38665 4.96186 1
3.40968 4.9716 1
3.43283 4.98103 1
3.45455 4.99341 1
3.4763 5.00574 1
3.49841 5.0174 1
3.5204 5.02929 1
3.54221 5.04153 1
3.56492 5.05198 1
3.58757 5.06255 1
3.6102 5.07318 1
3.63278 5.08391 1
3.6549 5.09555 1
3.67708 5.10709 1
3.69919 5.11875 1
3.72135 5.13033 1
3.74279 5.14319 1
3.7644 5.15576 1
3.78634 5.16774 1
3.80827 5.17975 1
3.83017 5.19181 1
3.85155 5.20476 1
3.87304 5.21753 1
3.8949 5.22967 1
3.9161 5.24292 1
3.93799 5.25499 1
3.95996 5.26693 1
3.98198 5.27877 1
4.00408 5.29046 1
4.02572 5.30296 1
4.0475 5.31523 1
4.06928 5.32751 1
4.09107 5.33977 1
4.11259 5.3525 1
4.13414 5.36516 1
4.15571 5.37781 1
4.1773 5.39041 1
4.19887 5.40305 1
4.22049 5.41559 1
4.24216 5.42806 1
4.26384 5.44051 1
4.2854 5.45317 1
4.30697 5.46581 1
4.32855 5.47843 1
4.35015 5.49101 1
4.37158 5.50389 1
4.39304 5.51671 1
4.41454 5.52947 1
4.43615 5.54204 1
4.45772 5.55468 1
4.47937 5.56719 1
4.50107 5.57959 1
4.52247 5.59252 1
4.54407 5.60511 1
4.56569 5.61767 1
4.58731 5.63022 1
4.60875 5.64308 1
4.63027 5.6558 1
4.65186 5.6684 1
4.67351 5.68091 1
4.69515 5.69342 1
4.7169 5.70576 1
4.73863 5.7181 1
4.76048 5.73026 1
4.78242 5.74224 1
4.80432 5.7543 1
4.82628 5.76624 1
4.8483 5.77809 1
4.87037 5.78982 1
4.89223 5.80196 1
4.91427 5.81377 1
4.93674 5.82471 1
4.95927 5.83554 1
4.98181 5.84637 1
5.00452 5.85683 1
5.02737 5.86696 1
5.05059 5.87624 1
5.07383 5.88545 1
5.09708 5.89463 1
5.12048 5.90344 1
5.14406 5.91172 1
5.16776 5.91969 1
5.19165 5.92705 1
5.21562 5.93416 1
5.23967 5.94099 1
5.26357 5.94832 1
5.28757 5.95533 1
5.31166 5.962 1
5.33602 5.96765 1
5.36038 5.97327 1
5.3848 5.97859 1
5.40923 5.98391 1
5.43366 5.98921 1
5.45814 5.99431 1
5.48264 5.99926 1
5.50718 6.00402 1
5.53175 6.00865 1
5.55637 6.01299 1
5.58099 6.01733 1
5.60559 6.02182 1
5.6302 6.02619 1
5.65488 6.03015 1
5.67956 6.03419 1
5.70422 6.03829 1
5.72887 6.04246 1
5.75333 6.04763 1
5.77777 6.05288 1
5.80223 6.05806 1
5.82665 6.06339 1
5.85101 6.06904 1
5.87536 6.07469 1
5.89962 6.08073 1
5.92393 6.08657 1
5.9483 6.09213 1
5.9727 6.09756 1
5.99719 6.1026 1
6.02169 6.1076 1
6.04621 6.11246 1
6.07073 6.11734 1
6.09524 6.12227 1
6.11973 6.12728 1
6.14424 6.13219 1
6.16871 6.13733 1
6.19292 6.14357 1
6.21705 6.15008 1
6.24116 6.15671 1
6.26516 6.16371 1
6.28896 6.17136 1
6.31268 6.17927 1
6.33631 6.18742 1
6.36012 6.19505 1
6.38385 6.2029 1
6.40737 6.21137 1
6.4309 6.21983 1
6.45431 6.22859 1
6.47775 6.2373 1
6.50047 6.24774 1
6.52341 6.25765 1
6.54645 6.26738 1
6.56962 6.27677 1
6.59275 6.28625 1
6.61545 6.29671 1
6.63819 6.3071 1
6.66125 6.31675 1
6.68461 6.32567 1
6.70826 6.33377 1
6.73212 6.34124 1
6.75581 6.34923 1
6.7797 6.35657 1
6.8041 6.36203 1
6.8285 6.36747 1
6.85274 6.3736 1
6.87709 6.37926 1
6.90144 6.3849 1
6.9259 6.39009 1
6.95029 6.39557 1
6.9748 6.4005 1
6.99939 6.405 1
7.02406 6.40905 1
7.04882 6.41254 1
7.07362 6.41568 1
7.0986 6.41681 1
7.12357 6.41788 1
7.14855 6.41882 1
7.17354 6.41955 1
7.19854 6.41963 1
7.22354 6.4193 1
7.24852 6.41834 1
7.27346 6.41664 1
7.29837 6.41443 1
7.3231 6.41079 1
7.34691 6.40315 1
7.36986 6.39325 1
7.39208 6.38179 1
7.4136 6.36907 1
7.43479 6.35581 1
7.45505 6.34115 1
7.4747 6.32571 1
7.49417 6.31002 1
7.51307 6.29366 1
7.5313 6.27655 1
7.5489 6.2588 1
7.56557 6.24016 1
7.58145 6.22085 1
7.59668 6.20103 1
7.61099 6.18053 1
7.62438 6.15942 1
7.63718 6.13794 1
7.64902 6.11593 1
7.65989 6.09341 1
7.6698 6.07046 1
7.67876 6.04712 1
7.68676 6.02343 1
7.69378 5.99944 1
7.69994 5.97521 1
7.70524 5.95078 1
7.70976 5.92619 1
7.71355 5.90148 1
7.71664 5.87667 1
7.71905 5.85179 1
7.72077 5.82685 1
7.72178 5.80187 1
7.72205 5.77687 1
7.72152 5.75188 1
7.7201 5.72692 1
7.71768 5.70203 1
7.71422 5.67727 1
7.70966 5.65269 1
7.70398 5.62835 1
7.69717 5.60429 1
7.68921 5.58059 1
7.68013 5.5573 1
7.66999 5.53445 1
7.65887 5.51206 1
7.64678 5.49018 1
7.63383 5.46879 1
7.61999 5.44797 1
7.60544 5.42764 1
7.59017 5.40785 1
7.57417 5.38864 1
7.55765 5.36988 1
7.54048 5.3517 1
7.52279 5.33404 1
7.50465 5.31684 1
7.48595 5.30024 1
7.46688 5.28408 1
7.44746 5.26833 1
7.42766 5.25307 1
7.40751 5.23827 1
7.38705 5.2239 1
7.36632 5.20993 1
7.34523 5.1965 1
7.3239 5.18346 1
7.3024 5.17072 1
7.2807 5.15831 1
7.25888 5.1461 1
7.23696 5.13407 1
7.21503 5.12207 1
7.19308 5.11011 1
7.17111 5.09817 1
7.14912 5.08628 1
7.12711 5.07443 1
7.10507 5.06262 1
7.08291 5.05105 1
7.06061 5.03976 1
7.03822 5.02862 1
7.0158 5.01758 1
6.9933 5.00668 1
6.9707 4.99597 1
6.948 4.9855 1
6.92522 4.9752 1
6.90238 4.96505 1
6.87944 4.95511 1
6.8564 4.9454 1
6.83326 4.93593 1
6.81007 4.9266 1
6.78682 4.9174 1
6.76353 4.90833 1
6.74017 4.89941 1
6.71676 4.89065 1
6.6933 4.88202 1
6.66981 4.87344 1
6.64633 4.86486 1
6.62285 4.8563 1
6.59934 4.84779 1
6.57581 4.83935 1
6.55224 4.831 1
6.52865 4.82274 1
6.50505 4.81449 1
6.48145 4.80623 1
6.45783 4.79803 1
6.4342 4.78986 1
6.41056 4.78175 1
6.3869 4.77368 1
6.36323 4.76562 1
6.33957 4.75754 1
6.31592 4.74943 1
6.29227 4.74133 1
6.26861 4.73326 1
6.24493 4.72525 1
6.22123 4.71729 1
6.19753 4.70934 1
6.17381 4.70142 1
6.15008 4.69356 1
6.12635 4.68571 1
6.1026 4.67791 1
6.07884 4.67012 1
6.0551 4.66228 1
6.03139 4.65436 1
6.00769 4.64641 1
5.98398 4.63847 1
5.96026 4.63057 1
5.93652 4.62275 1
5.91278 4.61491 1
5.88905 4.60703 1
5.86533 4.59913 1
5.84161 4.59124 1
5.81788 4.58337 1
5.79414 4.57555 1
5.77038 4.56775 1
5.74664 4.55994 1
5.7229 4.55209 1
5.69918 4.5442 1
5.67545 4.53633 1
5.6517 4.52851 1
5.62793 4.52077 1
5.60415 4.51306 1
5.58036 4.50537 1
5.55656 4.49772 1
5.53276 4.49008 1
5.50896 4.48242 1
5.48518 4.4747 1
5.46141 4.46696 1
5.43765 4.45917 1
5.41392 4.45131 1
5.39021 4.44338 1
5.36654 4.43536 1
5.34289 4.42725 1
5.31924 4.41913 1
5.2956 4.41101 1
5.27196 4.40287 1
5.24834 4.39467 1
5.22476 4.38638 1
5.20121 4.37797 1
5.17771 4.36945 1
5.15423 4.36088 1
5.13078 4.35221 1
5.10738 4.3434 1
5.08403 4.33448 1
5.06073 4.32541 1
5.0375 4.31617 1
5.01432 4.30681 1
4.99118 4.29734 1
4.96811 4.2877 1
4.94513 4.27786 1
4.92226 4.26778 1
4.89949 4.25744 1
4.87685 4.24684 1
4.85432 4.23601 1
4.83192 4.22491 1
4.80961 4.21363 1
4.78741 4.20212 1
4.76531 4.19044 1
4.74332 4.17855 1
4.72146 4.16643 1
4.69973 4.15406 1
4.67817 4.1414 1
4.65675 4.12851 1
4.63552 4.11532 1
4.61449 4.1018 1
4.59367 4.08795 1
4.57307 4.07379 1
4.55271 4.05928 1
4.53266 4.04435 1
4.51284 4.02911 1
4.49329 4.01353 1
4.47403 3.99759 1
4.45505 3.98132 1
4.43636 3.96471 1
4.41796 3.94779 1
4.39983 3.93058 1
4.38199 3.91306 1
4.36444 3.89526 1
4.34716 3.87719 1
4.33019 3.85883 1
4.31347 3.84025 1
4.29701 3.82143 1
4.28086 3.80234 1
4.26495 3.78307 1
4.24932 3.76355 1
4.23408 3.74374 1
4.2191 3.72371 1
4.20451 3.70342 1
4.19033 3.68283 1
4.17652 3.66199 1
4.16316 3.64086 1
4.15023 3.61946 1
4.13781 3.59776 1
4.12581 3.57583 1
4.11426 3.55366 1
4.10317 3.53125 1
4.09254 3.50863 1
4.08238 3.48578 1
4.07263 3.46276 1
4.06331 3.43957 1
4.05441 3.4162 1
4.046 3.39266 1
4.03807 3.36895 1
4.0306 3.34509 1
4.02345 3.32114 1
4.01665 3.29708 1
4.01016 3.27294 1
4.00405 3.2487 1
3.99836 3.22435 1
3.99313 3.19991 1
3.98838 3.17536 1
3.98413 3.15073 1
3.98038 3.12601 1
3.97716 3.10122 1
3.97435 3.07637 1
3.97186 3.0515 1
3.96963 3.0266 1
3.96762 3.00168 1
3.96577 2.97675 1
3.96401 2.95181 1
3.96253 2.92685 1
3.96148 2.90188 1
3.96101 2.87688 1
3.96125 2.85188 1
3.9622 2.8269 1
3.96391 2.80196 1
3.96633 2.77708 1
3.96947 2.75227 1
3.9732 2.72755 1
3.97747 2.70292 1
3.9822 2.67837 1
3.98837 2.65415 1
3.99499 2.63004 1
4.00205 2.60605 1
4.00962 2.58223 1
4.01779 2.5586 1
4.02655 2.53519 1
4.0364 2.51221 1
4.04675 2.48945 1
4.05765 2.46695 1
4.06911 2.44473 1
4.08104 2.42276 1
4.09353 2.40111 1
4.10651 2.37975 1
4.11998 2.35868 1
4.13389 2.33791 1
4.14808 2.31733 1
4.16267 2.29703 1
4.1776 2.27698 1
4.19289 2.25719 1
4.20845 2.23763 1
4.22427 2.21827 1
4.2405 2.19925 1
4.25689 2.18037 1
4.27345 2.16165 1
4.2904 2.14327 1
4.30745 2.12498 1
4.32462 2.10682 1
4.34211 2.08895 1
4.35969 2.07117 1
4.37739 2.05352 1
4.39542 2.03621 1
4.41352 2.01896 1
4.43173 2.00183 1
4.45012 1.9849 1
4.46855 1.968 1
4.48702 1.95116 1
4.50548 1.9343 1
4.52399 1.91749 1
4.54277 1.90099 1
4.56143 1.88435 1
4.58002 1.86764 1
4.59868 1.851 1
4.61728 1.8343 1
4.63587 1.81758 1
4.65446 1.80086 1
4.67304 1.78414 1
4.6916 1.76739 1
4.71023 1.75071 1
4.7289 1.73409 1
4.74772 1.71764 1
4.76656 1.7012 1
4.7856 1.68501 1
4.8046 1.66875 1
4.82357 1.65247 1
4.84267 1.63633 1
4.86168 1.6201 1
4.88062 1.60379 1
4.89958 1.58749 1
4.91846 1.5711 1
4.93743 1.55481 1
4.95627 1.53839 1
4.97503 1.52186 1
4.99382 1.50538 1
5.01256 1.48883 1
5.03125 1.47222 1
5.04995 1.45563 1
5.06866 1.43904 1
5.08734 1.42243 1
5.10608 1.40589 1
5.12487 1.38939 1
5.14382 1.37309 1
5.16265 1.35665 1
5.18139 1.3401 1
5.20011 1.32353 1
5.21865 1.30675 1
5.23713 1.28991 1
5.25544 1.2729 1
5.27361 1.25572 1
5.29172 1.23849 1
5.30968 1.22109 1
5.3275 1.20357 1
5.34531 1.18602 1
5.36296 1.16832 1
5.38047 1.15047 1
5.39792 1.13257 1
5.41517 1.11447 1
5.43221 1.09618 1
5.44897 1.07763 1
5.46546 1.05884 1
5.48167 1.0398 1
5.49741 1.02038 1
5.51277 1.00066 1
5.52781 0.980687 1
5.54226 0.960287 1
5.55619 0.939528 1
5.56973 0.918513 1
5.58278 0.897188 1
5.5949 0.875321 1
5.60648 0.853167 1
5.61751 0.830729 1
5.62796 0.808019 1
5.63731 0.784836 1
5.64605 0.761413 1
5.65416 0.737764 1
5.66167 0.713918 1
5.66856 0.689885 1
5.67493 0.665711 1
5.68072 0.641393 1
5.68614 0.616987 1
5.69111 0.592484 1
5.69565 0.567902 1
5.69974 0.543237 1
5.70339 0.518505 1
5.70657 0.493708 1
5.70932 0.46886 1
5.71161 0.443965 1
5.71348 0.419035 1
5.71489 0.394075 1
5.71587 0.369094 1
5.71637 0.344099 1
5.71641 0.3191 1
5.71596 0.294103 1
5.715 0.269122 1
5.71346 0.244169 1
5.71142 0.219252 1
5.70881 0.194389 1
5.7057 0.169584 1
5.70203 0.144855 1
5.69775 0.120224 1
5.69276 0.0957269 1
5.68719 0.071354 1
5.68105 0.0471192 1
5.67452 0.0229882 1
5.66756 -0.00102453 1
5.66022 -0.0249206 1
5.65249 -0.0486968 1
5.64444 -0.072364 1
5.63607 -0.0959212 1
5.62743 -0.119382 1
5.61856 -0.142757 1
5.60947 -0.166046 1
5.60024 -0.189278 1
5.59088 -0.212458 1
5.58148 -0.235623 1
5.57202 -0.258765 1
5.56257 -0.28191 1
5.55309 -0.305045 1
5.54359 -0.328167 1
5.5341 -0.351299 1
5.52471 -0.374467 1
5.51541 -0.397672 1
5.5062 -0.420917 1
5.49716 -0.444223 1
5.48836 -0.467624 1
5.4799 -0.491148 1
5.47181 -0.514805 1
5.46418 -0.538612 1
5.45707 -0.562579 1
5.45047 -0.58669 1
5.44443 -0.61095 1
5.43901 -0.635356 1
5.43428 -0.659904 1
5.43029 -0.684585 1
5.42714 -0.709384 1
5.42497 -0.73429 1
5.42387 -0.759266 1
5.42374 -0.784266 1
5.42465 -0.809249 1
5.42628 -0.834196 1
5.42877 -0.859072 1
5.43176 -0.883893 1
5.43872 -0.907904 1
5.44641 -0.931692 1
5.45503 -0.95516 1
5.46346 -0.978696 1
5.47186 -1.00224 1
5.48005 -1.02586 1
5.49112 -1.04828 1
5.50175 -1.0709 1
5.51178 -1.09381 1
5.52125 -1.11694 1
5.53006 -1.14034 1
5.54178 -1.16242 1
5.55303 -1.18475 1
5.56401 -1.20721 1
5.57483 -1.22974 1
5.58873 -1.25052 1
5.60288 -1.27113 1
5.61746 -1.29144 1
5.63267 -1.31128 1
5.64988 -1.32942 1
5.66772 -1.34693 1
5.68701 -1.36284 1
5.70681 -1.3781 1
5.72716 -1.39261 1
5.7484 -1.40581 1
5.77009 -1.41823 1
5.79255 -1.42923 1
5.81534 -1.43948 1
5.8388 -1.44812 1
5.86246 -1.4562 1
5.88632 -1.46367 1
5.91035 -1.47058 1
5.93453 -1.47692 1
5.95886 -1.48266 1
5.98331 -1.48788 1
6.00787 -1.49254 1
6.03252 -1.49673 1
6.05723 -1.5005 1
6.08202 -1.50379 1
6.10688 -1.50641 1
6.13178 -1.5086 1
6.15674 -1.51011 1
6.18171 -1.51125 1
6.2067 -1.51192 1
6.2317 -1.51216 1
6.25669 -1.51147 1
6.28167 -1.51047 1
6.30661 -1.50878 1
6.3314 -1.50549 1
6.35615 -1.50198 1
6.38085 -1.49814 1
6.40552 -1.49406 1
6.4301 -1.48954 1
6.45469 -1.48502 1
6.47914 -1.47978 1
6.50335 -1.47354 1
6.52742 -1.46682 1
6.55132 -1.45945 1
6.5747 -1.4506 1
6.59774 -1.44091 1
6.62074 -1.4311 1
6.64354 -1.42086 1
6.66641 -1.41075 1
6.69008 -1.40272 1
6.71381 -1.39485 1
6.7377 -1.38748 1
6.76156 -1.38002 1
6.78541 -1.37252 1
6.80922 -1.3649 1
6.83274 -1.35642 1
6.85616 -1.34768 1
6.87963 -1.33907 1
6.90307 -1.33038 1
6.92656 -1.32181 1
6.95005 -1.31325 1
6.97319 -1.3038 1
6.99652 -1.29481 1
7.01989 -1.28592 1
7.04343 -1.2775 1
7.06692 -1.26896 1
7.09031 -1.26013 1
7.11365 -1.25117 1
7.13707 -1.24242 1
7.16055 -1.23383 1
7.18408 -1.22538 1
7.20767 -1.21712 1
7.23128 -1.20891 1
7.25476 -1.2003 1
7.27827 -1.19182 1
7.30185 -1.18352 1
7.32544 -1.17523 1
7.34902 -1.16691 1
7.37261 -1.15866 1
7.39628 -1.1506 1
7.42003 -1.1428 1
7.44393 -1.13546 1
7.46788 -1.1283 1
7.49191 -1.12138 1
7.516 -1.11471 1
7.54016 -1.10829 1
7.56416 -1.10128 1
7.58824 -1.09459 1
7.61244 -1.0883 1
7.63686 -1.08292 1
7.66133 -1.07784 1
7.68586 -1.07299 1
7.71047 -1.0686 1
7.73504 -1.06398 1
7.75978 -1.06037 1
7.78461 -1.05749 1
7.83461 -1.00749 1
7.84634 -0.977146 1
7.90712 -0.987113 1
7.93003 -0.977104 1
7.95304 -0.967322 1
7.97606 -0.95758 1
7.99868 -0.946928 1
8.02143 -0.936551 1
8.04437 -0.926618 1
8.06735 -0.916785 1
8.08993 -0.906052 1
8.11268 -0.895689 1
8.13578 -0.886116 1
8.15894 -0.876704 1
8.18215 -0.867412 1
8.20474 -0.8567 1
8.22748 -0.846317 1
8.25047 -0.836494 1
8.27348 -0.826716 1
8.29665 -0.817327 1
8.31977 -0.807824 1
8.34284 -0.798199 1
8.36602 -0.788836 1
8.38941 -0.780003 1
8.41283 -0.771268 1
8.43627 -0.762565 1
8.45912 -0.752411 1
8.48209 -0.742541 1
8.50521 -0.733053 1
8.52837 -0.723634 1
8.55166 -0.714543 1
8.57458 -0.704567 1
8.59772 -0.69509 1
8.62095 -0.685862 1
8.64437 -0.677106 1
8.66782 -0.66843 1
8.69126 -0.65974 1
8.71416 -0.649729 1
8.7373 -0.640257 1
8.76047 -0.630862 1
8.78367 -0.621545 1
8.80698 -0.612505 1
8.82998 -0.602714 1
8.85313 -0.593292 1
8.8764 -0.584139 1
8.89981 -0.575358 1
8.92326 -0.56671 1
8.94628 -0.556943 1
8.9694 -0.547434 1
8.99261 -0.538151 1
9.0159 -0.529076 1
9.03933 -0.520346 1
9.06277 -0.511655 1
9.08579 -0.501893 1
9.10895 -0.492488 1
9.13225 -0.483414 1
9.15577 -0.474941 1
9.17931 -0.466522 1
9.20286 -0.458135 1
9.22612 -0.448977 1
9.24944 -0.439973 1
9.27285 -0.431193 1
9.29636 -0.42269 1
9.3199 -0.41429 1
9.34291 -0.404503 1
9.36605 -0.395031 1
9.38947 -0.386295 1
9.41291 -0.377591 1
9.43643 -0.369138 1
9.45994 -0.360631 1
9.48326 -0.351609 1
9.50668 -0.342869 1
9.53021 -0.33443 1
9.55386 -0.326328 1
9.57759 -0.318447 1
9.60141 -0.310857 1
9.62478 -0.301994 1
9.64842 -0.29384 1
9.67213 -0.285929 1
9.69607 -0.27871 1
9.72001 -0.271526 1
9.7439 -0.264154 1
9.76771 -0.256527 1
9.79167 -0.249387 1
9.81574 -0.242641 1
9.83997 -0.236484 1
9.86427 -0.230591 1
9.88879 -0.225749 1
9.91331 -0.220884 1
9.93768 -0.215305 1
9.96212 -0.210018 1
9.98647 -0.204369 1
10.0109 -0.199155 1
10.0355 -0.194363 1
10.0601 -0.189926 1
10.0847 -0.185825 1
10.1094 -0.182081 1
10.1342 -0.178726 1
10.159 -0.175819 1
10.1839 -0.173402 1
10.2089 -0.171541 1
10.2338 -0.170402 1
10.2588 -0.170342 1
10.2838 -0.171269 1
10.3086 -0.174202 1
10.3333 -0.178289 1
10.3577 -0.183736 1
10.3818 -0.190444 1
10.4054 -0.198651 1
10.4285 -0.208172 1
10.4515 -0.218024 1
10.4739 -0.229204 1
10.4958 -0.241247 1
10.5172 -0.254102 1
10.538 -0.267996 1
10.5585 -0.2823 1
10.5788 -0.296818 1
10.599 -0.311617 1
10.6185 -0.327309 1
10.6369 -0.344235 1
10.6545 -0.361937 1
10.6714 -0.380374 1
10.6867 -0.400107 1
10.7014 -0.420351 1
10.7153 -0.441112 1
10.7285 -0.462395 1
10.7401 -0.484507 1
10.751 -0.507013 1
10.7612 -0.529842 1
10.7706 -0.553009 1
10.7791 -0.576509 1
10.7867 -0.600328 1
10.7935 -0.624396 1
10.7994 -0.648683 1
10.8046 -0.673144 1
10.809 -0.69775 1
10.8127 -0.722472 1
10.8157 -0.747287 1
10.8181 -0.772176 1
10.8198 -0.797119 1
10.8207 -0.822101 1
10.821 -0.8471 1
10.8202 -0.87209 1
10.8184 -0.897024 1
10.8156 -0.921857 1
10.8116 -0.946537 1
10.8064 -0.971006 1
10.8001 -0.995195 1
10.7926 -1.01904 1
10.7839 -1.04247 1
10.7741 -1.06548 1
10.7634 -1.08805 1
10.7516 -1.11013 1
10.739 -1.13172 1
10.7255 -1.15276 1
10.7113 -1.17329 1
10.6962 -1.19327 1
10.6805 -1.21266 1
10.664 -1.2315 1
10.647 -1.24977 1
10.6293 -1.26746 1
10.6111 -1.28457 1
10.5923 -1.30108 1
10.573 -1.31699 1
10.5532 -1.33226 1
10.533 -1.34689 1
10.5122 -1.36085 1
10.4911 -1.37423 1
10.4697 -1.38725 1
10.4482 -1.39997 1
10.4266 -1.41244 1
10.4048 -1.42478 1
10.383 -1.43702 1
10.3611 -1.4491 1
10.3391 -1.46099 1
10.3171 -1.47279 1
10.295 -1.48438 1
10.2727 -1.49577 1
10.2503 -1.50686 1
10.2279 -1.51789 1
10.2054 -1.52892 1
10.183 -1.53999 1
10.1606 -1.55111 1
10.1382 -1.56222 1
10.1158 -1.57328 1
10.0934 -1.58432 1
10.0709 -1.59533 1
10.0484 -1.60624 1
10.0259 -1.61707 1
10.0033 -1.62786 1
9.98079 -1.63864 1
9.95824 -1.64945 1
9.93568 -1.66021 1
9.91308 -1.6709 1
9.89045 -1.68153 1
9.86782 -1.69215 1
9.84516 -1.70272 1
9.82246 -1.71319 1
9.79973 -1.72359 1
9.77698 -1.73395 1
9.75425 -1.74436 1
9.73154 -1.75482 1
9.70887 -1.76535 1
9.68622 -1.77595 1
9.6636 -1.78659 1
9.64101 -1.79731 1
9.61845 -1.80808 1
9.5959 -1.81886 1
9.57336 -1.82968 1
9.55082 -1.84049 1
9.52826 -1.85126 1
9.50569 -1.86201 1
9.48315 -1.87282 1
9.4606 -1.88363 1
9.43804 -1.8944 1
9.4155 -1.90522 1
9.39296 -1.91602 1
9.37039 -1.92678 1
9.34778 -1.93745 1
9.32509 -1.94794 1
9.30228 -1.95818 1
9.27949 -1.96845 1
9.2567 -1.97873 1
9.23393 -1.98905 1
9.21118 -1.99943 1
9.18843 -2.00978 1
9.16566 -2.0201 1
9.14287 -2.03038 1
9.12011 -2.04072 1
9.09739 -2.05116 1
9.07471 -2.06167 1
9.05203 -2.0722 1
9.02936 -2.08273 1
9.00674 -2.09337 1
8.98413 -2.10403 1
8.96157 -2.11481 1
8.93903 -2.12562 1
8.91641 -2.13628 1
8.89369 -2.14671 1
8.87083 -2.15683 1
8.848 -2.16702 1
8.82522 -2.17732 1
8.80249 -2.18773 1
8.77982 -2.19827 1
8.75719 -2.20889 1
8.73459 -2.21956 1
8.71199 -2.23026 1
8.68942 -2.241 1
8.66688 -2.25183 1
8.64435 -2.26267 1
8.62183 -2.27352 1
8.59931 -2.28437 1
8.5768 -2.29526 1
8.55427 -2.30609 1
8.53172 -2.31687 1
8.50914 -2.32761 1
8.48651 -2.33824 1
8.46389 -2.34888 1
8.44126 -2.3595 1
8.41866 -2.37019 1
8.39607 -2.3809 1
8.37351 -2.39168 1
8.35098 -2.4025 1
8.32844 -2.41332 1
8.30591 -2.42417 1
8.28335 -2.43493 1
8.26067 -2.44546 1
8.23785 -2.45566 1
8.21504 -2.46588 1
8.19227 -2.47622 1
8.16954 -2.48663 1
8.14683 -2.49708 1
8.12416 -2.50761 1
8.1015 -2.51817 1
8.07885 -2.52875 1
8.05618 -2.5393 1
8.03347 -2.54975 1
8.01073 -2.56013 1
7.98802 -2.57058 1
7.96535 -2.58113 1
7.94273 -2.59177 1
7.92015 -2.6025 1
7.89756 -2.61321 1
7.87497 -2.62393 1
7.85237 -2.63461 1
7.82974 -2.64523 1
7.80707 -2.65577 1
7.78438 -2.66627 1
7.76168 -2.67674 1
7.73893 -2.68711 1
7.71624 -2.6976 1
7.69357 -2.70814 1
7.67093 -2.71873 1
7.64829 -2.72934 1
7.62559 -2.73983 1
7.60279 -2.75009 1
7.5799 -2.76013 1
7.55706 -2.77029 1
7.53428 -2.78059 1
7.51152 -2.79094 1
7.48879 -2.80135 1
7.4661 -2.81184 1
7.44342 -2.82236 1
7.42075 -2.83289 1
7.39805 -2.84338 1
7.37532 -2.85378 1
7.35258 -2.86416 1
7.32988 -2.87464 1
7.30723 -2.88522 1
7.28463 -2.8959 1
7.26205 -2.90664 1
7.23946 -2.91736 1
7.21688 -2.92808 1
7.19427 -2.93874 1
7.17163 -2.94936 1
7.14896 -2.95989 1
7.12628 -2.97042 1
7.10358 -2.98089 1
7.08085 -2.9913 1
7.05819 -3.00186 1
7.03554 -3.01243 1
7.01292 -3.02307 1
6.99028 -3.03369 1
6.96757 -3.04415 1
6.94474 -3.05433 1
6.9219 -3.06449 1
6.89911 -3.07477 1
6.87638 -3.08518 1
6.85368 -3.09565 1
6.83101 -3.1062 1
6.80838 -3.11682 1
6.78576 -3.12747 1
6.76315 -3.13812 1
6.74051 -3.14873 1
6.71783 -3.15925 1
6.69516 -3.16978 1
6.67254 -3.18043 1
6.64998 -3.19121 1
6.62747 -3.20208 1
6.60501 -3.21306 1
6.58254 -3.22402 1
6.55998 -3.23479 1
6.53728 -3.24526 1
6.51441 -3.25537 1
6.49152 -3.26543 1
6.46866 -3.27554 1
6.44583 -3.28572 1
6.42303 -3.29597 1
6.40024 -3.30627 1
6.37745 -3.31654 1
6.35465 -3.32679 1
6.33185 -3.33704 1
6.3091 -3.34742 1
6.28641 -3.3579 1
6.26373 -3.36842 1
6.24109 -3.37903 1
6.21846 -3.38965 1
6.1958 -3.40021 1
6.17313 -3.41076 1
6.15047 -3.42132 1
6.1278 -3.43185 1
6.1051 -3.44232 1
6.08235 -3.45269 1
6.05959 -3.46303 1
6.03688 -3.47347 1
6.01421 -3.48401 1
5.99159 -3.49467 1
5.96901 -3.50541 1
5.94644 -3.51615 1
5.92388 -3.52692 1
5.90131 -3.53768 1
5.87873 -3.5484 1
5.85612 -3.55907 1
5.83352 -3.56976 1
5.81091 -3.58043 1
5.78826 -3.59102 1
5.76564 -3.60166 1
5.743 -3.61225 1
5.72033 -3.62281 1
5.69763 -3.63327 1
5.67486 -3.6436 1
5.65203 -3.65378 1
5.62919 -3.66395 1
5.60641 -3.67426 1
5.5837 -3.68471 1
5.561 -3.69518 1
5.53828 -3.70562 1
5.51559 -3.71611 1
5.49291 -3.72662 1
5.47022 -3.73711 1
5.44751 -3.74757 1
5.42477 -3.75796 1
5.40204 -3.76837 1
5.37934 -3.77883 1
5.35671 -3.78946 1
5.33411 -3.80014 1
5.31157 -3.81097 1
5.28905 -3.82183 1
5.26647 -3.83254 1
5.24377 -3.84302 1
5.22092 -3.85317 1
5.19802 -3.86319 1
5.17514 -3.87328 1
5.1523 -3.88343 1
5.12949 -3.89366 1
5.1067 -3.90395 1
5.08391 -3.91423 1
5.06112 -3.9245 1
5.03832 -3.93476 1
5.01557 -3.94512 1
4.99287 -3.9556 1
4.9702 -3.96614 1
4.94757 -3.97676 1
4.92496 -3.98744 1
4.90234 -3.99807 1
4.87969 -4.00865 1
4.85706 -4.01928 1
4.83442 -4.02988 1
4.81176 -4.04045 1
4.78907 -4.05094 1
4.76635 -4.06137 1
4.74363 -4.0718 1
4.72096 -4.08235 1
4.69836 -4.09302 1
4.67579 -4.10378 1
4.65327 -4.11464 1
4.63074 -4.12548 1
4.60812 -4.13612 1
4.58537 -4.14648 1
4.56246 -4.15649 1
4.53956 -4.16651 1
4.51668 -4.17659 1
4.49383 -4.18673 1
4.47101 -4.19694 1
4.4482 -4.20719 1
4.42539 -4.21741 1
4.40256 -4.22761 1
4.37975 -4.23783 1
4.35698 -4.24816 1
4.33426 -4.25859 1
4.31156 -4.26906 1
4.2889 -4.27962 1
4.26624 -4.29017 1
4.24354 -4.30065 1
4.22084 -4.31113 1
4.19815 -4.32162 1
4.17543 -4.33206 1
4.15269 -4.34244 1
4.1299 -4.35272 1
4.10708 -4.36292 1
4.08424 -4.3731 1
4.06149 -4.38345 1
4.03877 -4.39388 1
4.0161 -4.40442 1
3.99346 -4.41502 1
3.97076 -4.42551 1
3.94796 -4.43576 1
3.92502 -4.44569 1
3.90191 -4.45522 1
3.87874 -4.46463 1
3.85556 -4.474 1
3.83238 -4.48335 1
3.80919 -4.49269 1
3.78597 -4.50196 1
3.76268 -4.51104 1
3.73931 -4.51993 1
3.7159 -4.52871 1
3.69244 -4.53733 1
3.66888 -4.54571 1
3.64521 -4.55374 1
3.62144 -4.56149 1
3.5976 -4.56901 1
3.5737 -4.57634 1
3.54976 -4.58354 1
3.52576 -4.59055 1
3.50169 -4.59731 1
3.47755 -4.60379 1
3.45333 -4.61 1
3.42903 -4.61589 1
3.40468 -4.62152 1
3.38028 -4.62697 1
3.35584 -4.63225 1
3.33138 -4.63742 1
3.3069 -4.64251 1
3.28242 -4.64754 1
3.25793 -4.65257 1
3.23345 -4.65764 1
3.20897 -4.66272 1
3.1845 -4.66784 1
3.16002 -4.6729 1
3.13552 -4.6779 1
3.11103 -4.68293 1
3.08655 -4.68801 1
3.06202 -4.69283 1
3.03742 -4.69728 1
3.0127 -4.701 1
2.98786 -4.7038 1
2.96291 -4.70537 1
2.93791 -4.70551 1
2.91294 -4.70423 1
2.8881 -4.70142 1
2.86344 -4.69731 1
2.83904 -4.69184 1
2.81467 -4.68629 1
2.79029 -4.68075 1
2.766 -4.67484 1
2.74183 -4.66844 1
2.71785 -4.66139 1
2.69501 -4.65122 1
2.67227 -4.64082 1
2.64961 -4.63027 1
2.62694 -4.61972 1
2.60409 -4.60957 1
2.58134 -4.59922 1
2.55815 -4.58988 1
2.53464 -4.58138 1
2.51073 -4.57408 1
2.48647 -4.56804 1
2.46192 -4.56331 1
2.43889 -4.55359 1
2.41572 -4.54419 1
2.39249 -4.53494 1
2.36892 -4.52661 1
2.34496 -4.5195 1
2.3205 -4.5143 1
2.29804 -4.50334 1
2.27525 -4.49304 1
2.25213 -4.48355 1
2.2287 -4.47482 1
2.20493 -4.46707 1
2.1809 -4.46016 1
2.15658 -4.45437 1
2.13201 -4.44976 1
2.10724 -4.44637 1
2.08231 -4.44459 1
2.05736 -4.44292 1
2.03241 -4.44141 1
2.00745 -4.44003 1
1.98247 -4.43888 1
1.95749 -4.43803 1
1.93249 -4.4377 1
1.90749 -4.43785 1
1.88251 -4.43882 1
1.85757 -4.44051 1
1.83272 -4.44328 1
1.80802 -4.44712 1
1.78357 -4.45235 1
1.75947 -4.45901 1
1.73471 -4.45555 1
1.71015 -4.45089 1
1.68588 -4.4449 1
1.66194 -4.4377 1
1.6384 -4.42929 1
1.61537 -4.41955 1
1.5929 -4.40859 1
1.57032 -4.39787 1
1.54808 -4.38645 1
1.52627 -4.37423 1
1.50496 -4.36116 1
1.48436 -4.34698 1
1.46427 -4.33211 1
1.44473 -4.31652 1
1.42593 -4.30004 1
1.40751 -4.28314 1
1.38953 -4.26577 1
1.3721 -4.24785 1
1.35487 -4.22973 1
1.33795 -4.21133 1
1.32146 -4.19254 1
1.30506 -4.17367 1
1.2892 -4.15434 1
1.27334 -4.13501 1
1.25752 -4.11566 1
1.24206 -4.09601 1
1.22662 -4.07635 1
1.21148 -4.05646 1
1.19618 -4.03668 1
1.18091 -4.01689 1
1.16597 -3.99685 1
1.15079 -3.97698 1
1.13634 -3.95658 1
1.12157 -3.93641 1
1.1066 -3.91639 1
1.09203 -3.89607 1
1.07736 -3.87583 1
1.06308 -3.85531 1
1.04853 -3.83498 1
1.03401 -3.81463 1
1.01986 -3.79401 1
1.00543 -3.7736 1
0.99172 -3.7527 1
0.977896 -3.73186 1
0.963806 -3.71121 1
0.950078 -3.69032 1
0.936162 -3.66955 1
0.922792 -3.64843 1
0.908985 -3.62759 1
0.895412 -3.60659 1
0.881576 -3.58577 1
0.867428 -3.56516 1
0.853325 -3.54451 1
0.838933 -3.52407 1
0.82539 -3.50306 1
0.811393 -3.48234 1
0.797099 -3.46183 1
0.783242 -3.44103 1
0.769278 -3.42029 1
0.755843 -3.39921 1
0.742432 -3.37811 1
0.72955 -3.35668 1
0.716885 -3.33513 1
0.704459 -3.31343 1
0.69241 -3.29153 1
0.680618 -3.26949 1
0.669451 -3.24712 1
0.658537 -3.22463 1
0.648133 -3.20189 1
0.637982 -3.17905 1
0.628261 -3.15601 1
0.618888 -3.13284 1
0.609863 -3.10952 1
0.60126 -3.08605 1
0.59295 -3.06247 1
0.585085 -3.03874 1
0.57754 -3.01491 1
0.570537 -2.99091 1
0.563812 -2.96683 1
0.557482 -2.94264 1
0.551486 -2.91837 1
0.545936 -2.894 1
0.540669 -2.86956 1
0.535624 -2.84507 1
0.530884 -2.82053 1
0.526538 -2.79591 1
0.522493 -2.77124 1
0.518821 -2.74651 1
0.5154 -2.72174 1
0.512298 -2.69694 1
0.509409 -2.6721 1
0.506771 -2.64724 1
0.504324 -2.62236 1
0.502177 -2.59746 1
0.500168 -2.57254 1
0.498273 -2.54761 1
0.496497 -2.52267 1
0.494854 -2.49773 1
0.4933 -2.47277 1
0.491855 -2.44782 1
0.490465 -2.42285 1
0.489153 -2.39789 1
0.487856 -2.37292 1
0.486577 -2.34796 1
0.485272 -2.32299 1
0.483958 -2.29802 1
0.482554 -2.27306 1
0.480914 -2.24812 1
0.479216 -2.22317 1
0.477167 -2.19826 1
0.475144 -2.17334 1
0.473124 -2.14842 1
0.471081 -2.12351 1
0.468813 -2.09861 1
0.46661 -2.07371 1
0.464669 -2.04878 1
0.462717 -2.02386 1
0.460789 -1.99893 1
0.458843 -1.97401 1
0.456938 -1.94908 1
0.455006 -1.92416 1
0.453056 -1.89923 1
0.451083 -1.87431 1
0.449097 -1.84939 1
0.447087 -1.82447 1
0.445064 -1.79955 1
0.443014 -1.77464 1
0.440909 -1.74973 1
0.438791 -1.72482 1
0.436726 -1.6999 1
0.434608 -1.67499 1
0.432284 -1.6501 1
0.429968 -1.62521 1
0.4273 -1.60035 1
0.424742 -1.57548 1
0.422247 -1.5506 1
0.419798 -1.52573 1
0.417428 -1.50084 1
0.415077 -1.47595 1
0.412684 -1.45106 1
0.410332 -1.42617 1
0.40805 -1.40128 1
0.405774 -1.37638 1
0.403562 -1.35148 1
0.401307 -1.32658 1
0.399281 -1.30166 1
0.397045 -1.27677 1
0.394576 -1.25189 1
0.391877 -1.22703 1
0.388943 -1.20221 1
0.38575 -1.17741 1
0.382377 -1.15264 1
0.378846 -1.12789 1
0.375218 -1.10315 1
0.371256 -1.07847 1
0.366442 -1.05394 1
0.361349 -1.02946 1
0.355395 -1.00518 1
0.349148 -0.980975 1
0.345617 -0.956226 1
0.340999 -0.931657 1
0.334612 -0.907486 1
0.30 -0.80 1
0.27 -0.68 1
0.25 -0.55 1
0.22 -0.43 1
0.18 -0.30 1 
0.15 -0.18 1
0.134612 -0.00748587 1