7.38461 -2.85749 1
7.33998 -2.86535 1
7.31529 -2.86928 1
7.2908 -2.8743 1
7.26662 -2.88066 1
7.24287 -2.88845 1
7.21966 -2.89776 1
7.19705 -2.90841 1
7.17444 -2.91908 1
7.15185 -2.9298 1
7.12929 -2.94058 1
7.10674 -2.95137 1
7.08418 -2.96212 1
7.0616 -2.97287 1
7.03905 -2.98365 1
7.01651 -2.99447 1
6.99397 -3.00529 1
6.9714 -3.01604 1
6.94882 -3.02676 1
6.92623 -3.03748 1
6.90368 -3.04827 1
6.88114 -3.05909 1
6.85859 -3.06988 1
6.83606 -3.08071 1
6.81355 -3.09159 1
6.79106 -3.10251 1
6.76856 -3.11341 1
6.74605 -3.12428 1
6.72357 -3.13521 1
6.70111 -3.1462 1
6.67867 -3.15721 1
6.65618 -3.16814 1
6.63369 -3.17905 1
6.61119 -3.18996 1
6.58865 -3.20077 1
6.56606 -3.21148 1
6.54345 -3.22215 1
6.52086 -3.23285 1
6.49828 -3.24359 1
6.47571 -3.25433 1
6.45309 -3.26498 1
6.43046 -3.2756 1
6.40782 -3.2862 1
6.38517 -3.29678 1
6.36247 -3.30726 1
6.33972 -3.31762 1
6.31697 -3.328 1
6.29426 -3.33846 1
6.27158 -3.34897 1
6.2489 -3.35948 1
6.2262 -3.36996 1
6.20348 -3.38039 1
6.18073 -3.39075 1
6.15797 -3.40109 1
6.1352 -3.41142 1
6.11245 -3.42179 1
6.08974 -3.43224 1
6.06709 -3.44282 1
6.04449 -3.4535 1
6.02189 -3.46419 1
5.99929 -3.47489 1
5.97672 -3.48563 1
5.95415 -3.4964 1
5.93156 -3.5071 1
5.90896 -3.51779 1
5.88637 -3.52849 1
5.86378 -3.53921 1
5.84117 -3.54987 1
5.81853 -3.56048 1
5.79585 -3.57099 1
5.77313 -3.58143 1
5.75036 -3.59175 1
5.7275 -3.60185 1
5.70455 -3.61178 1
5.68159 -3.62167 1
5.65866 -3.63164 1
5.63578 -3.6417 1
5.61294 -3.65188 1
5.59014 -3.66214 1
5.56737 -3.67244 1
5.54461 -3.68278 1
5.52187 -3.69318 1
5.49914 -3.70358 1
5.47642 -3.71401 1
5.45372 -3.72449 1
5.43107 -3.73508 1
5.40849 -3.7458 1
5.38595 -3.75662 1
5.3634 -3.7674 1
5.34085 -3.77819 1
5.31832 -3.78903 1
5.29578 -3.79985 1
5.27321 -3.8106 1
5.25063 -3.82133 1
5.22807 -3.83211 1
5.20555 -3.84296 1
5.18305 -3.85385 1
5.16052 -3.8647 1
5.13799 -3.87553 1
5.11548 -3.8864 1
5.09297 -3.89729 1
5.07046 -3.90817 1
5.04792 -3.91897 1
5.02536 -3.92976 1
5.00283 -3.94058 1
4.98032 -3.95145 1
4.9578 -3.96232 1
4.93528 -3.97317 1
4.91274 -3.98398 1
4.89017 -3.99473 1
4.8676 -4.00549 1
4.84504 -4.01625 1
4.82246 -4.02699 1
4.79988 -4.03772 1
4.77731 -4.04847 1
4.75471 -4.05917 1
4.73211 -4.06984 1
4.7095 -4.08052 1
4.68691 -4.09122 1
4.66434 -4.10198 1
4.64177 -4.11274 1
4.6192 -4.12349 1
4.59663 -4.13423 1
4.57407 -4.14501 1
4.55152 -4.15579 1
4.52895 -4.16654 1
4.50635 -4.17724 1
4.48375 -4.18793 1
4.46116 -4.19863 1
4.43854 -4.20928 1
4.4159 -4.21989 1
4.39325 -4.23046 1
4.37061 -4.24108 1
4.34802 -4.25177 1
4.32545 -4.26253 1
4.30287 -4.27326 1
4.28028 -4.28396 1
4.2577 -4.29471 1
4.23509 -4.30538 1
4.21253 -4.31613 1
4.18994 -4.32686 1
4.16728 -4.33741 1
4.1445 -4.34771 1
4.12159 -4.35771 1
4.09871 -4.3678 1
4.07588 -4.37799 1
4.05306 -4.38819 1
4.03025 -4.39841 1
4.00746 -4.40869 1
3.98465 -4.41894 1
3.96184 -4.42916 1
3.93897 -4.43926 1
3.91604 -4.44922 1
3.89301 -4.45895 1
3.86997 -4.46866 1
3.84692 -4.47833 1
3.82387 -4.48801 1
3.80081 -4.49767 1
3.7777 -4.50721 1
3.75452 -4.51656 1
3.73127 -4.52576 1
3.70798 -4.53483 1
3.6846 -4.54369 1
3.66111 -4.55225 1
3.6375 -4.56048 1
3.61384 -4.56855 1
3.59013 -4.57647 1
3.56637 -4.58424 1
3.54255 -4.59186 1
3.51867 -4.59925 1
3.49469 -4.60632 1
3.47064 -4.61312 1
3.44651 -4.61969 1
3.42232 -4.626 1
3.39806 -4.63202 1
3.37374 -4.63782 1
3.34941 -4.64357 1
3.32509 -4.64934 1
3.30077 -4.65514 1
3.27644 -4.66088 1
3.25206 -4.66643 1
3.22764 -4.67176 1
3.20315 -4.67678 1
3.17859 -4.68149 1
3.15398 -4.68585 1
3.1293 -4.68989 1
3.10459 -4.69365 1
3.07983 -4.69713 1
3.05503 -4.70025 1
3.03018 -4.703 1
3.00529 -4.70536 1
2.98036 -4.70729 1
2.9554 -4.7087 1
2.93042 -4.70952 1
2.90542 -4.70956 1
2.88043 -4.70876 1
2.85589 -4.70402 1
2.83159 -4.69812 1
2.80732 -4.69214 1
2.78311 -4.68588 1
2.75922 -4.67854 1
2.73573 -4.66997 1
2.71211 -4.66177 1
2.69004 -4.65004 1
2.66773 -4.63875 1
2.64519 -4.62794 1
2.62245 -4.61754 1
2.59995 -4.60664 1
2.57727 -4.59613 1
2.55418 -4.58654 1
2.53077 -4.57777 1
2.50697 -4.57012 1
2.48284 -4.5636 1
2.45831 -4.55874 1
2.43553 -4.54845 1
2.41238 -4.53902 1
2.38898 -4.53022 1
2.36513 -4.5227 1
2.34089 -4.51661 1
2.31613 -4.51309 1
2.2937 -4.50207 1
2.27089 -4.49182 1
2.24775 -4.48237 1
2.22428 -4.47376 1
2.20047 -4.46612 1
2.1764 -4.45937 1
2.15204 -4.45376 1
2.12744 -4.44933 1
2.10263 -4.44623 1
2.07769 -4.44443 1
2.05275 -4.44276 1
2.02779 -4.44129 1
2.00282 -4.44006 1
1.97784 -4.43918 1
1.95284 -4.43862 1
1.92784 -4.43853 1
1.90285 -4.43891 1
1.87787 -4.4399 1
1.85291 -4.44142 1
1.82801 -4.4436 1
1.80316 -4.44636 1
1.7784 -4.4498 1
1.75373 -4.45383 1
1.72916 -4.45848 1
1.70483 -4.45276 1
1.68086 -4.44563 1
1.65731 -4.43723 1
1.63424 -4.42762 1
1.61174 -4.41672 1
1.58892 -4.4065 1
1.5664 -4.39565 1
1.54423 -4.38409 1
1.52251 -4.37171 1
1.50131 -4.35847 1
1.48081 -4.34416 1
1.46082 -4.32915 1
1.44139 -4.31341 1
1.42266 -4.29685 1
1.40432 -4.27986 1
1.38644 -4.26239 1
1.36905 -4.24443 1
1.35188 -4.22626 1
1.33504 -4.20778 1
1.31857 -4.18897 1
1.30222 -4.17006 1
1.2864 -4.1507 1
1.27057 -4.13136 1
1.25478 -4.11197 1
1.23936 -4.0923 1
1.22395 -4.07261 1
1.2088 -4.05272 1
1.19354 -4.03292 1
1.17835 -4.01306 1
1.16342 -3.99301 1
1.14831 -3.97309 1
1.1339 -3.95266 1
1.11917 -3.93246 1
1.10429 -3.91237 1
1.08982 -3.89199 1
1.0752 -3.87171 1
1.06088 -3.85121 1
1.04633 -3.83089 1
1.03179 -3.81055 1
1.01753 -3.79002 1
1.00299 -3.76968 1
0.989203 -3.74882 1
0.975207 -3.72811 1
0.961704 -3.70707 1
0.947955 -3.68619 1
0.934051 -3.66541 1
0.920627 -3.64432 1
0.906798 -3.6235 1
0.893209 -3.60251 1
0.87936 -3.5817 1
0.865213 -3.56109 1
0.851095 -3.54045 1
0.836723 -3.52 1
0.82311 -3.49903 1
0.80907 -3.47834 1
0.795434 -3.45739 1
0.781662 -3.43653 1
0.767822 -3.41571 1
0.754506 -3.39455 1
0.741247 -3.37335 1
0.728521 -3.35183 1
0.716021 -3.33018 1
0.703773 -3.30839 1
0.691903 -3.28639 1
0.680287 -3.26425 1
0.669242 -3.24182 1
0.658428 -3.21928 1
0.648104 -3.19651 1
0.638021 -3.17364 1
0.628355 -3.15058 1
0.619017 -3.12739 1
0.610158 -3.10401 1
0.601575 -3.08053 1
0.593557 -3.05685 1
0.585709 -3.03312 1
0.578173 -3.00928 1
0.57116 -2.98528 1
0.564426 -2.96121 1
0.558081 -2.93703 1
0.552069 -2.91276 1
0.546489 -2.88839 1
0.541192 -2.86396 1
0.53613 -2.83948 1
0.531377 -2.81493 1
0.527012 -2.79032 1
0.522951 -2.76565 1
0.51926 -2.74092 1
0.51582 -2.71616 1
0.512695 -2.69136 1
0.509784 -2.66652 1
0.507121 -2.64167 1
0.504653 -2.61679 1
0.502473 -2.59188 1
0.50043 -2.56697 1
0.498501 -2.54204 1
0.496692 -2.51711 1
0.495015 -2.49216 1
0.493429 -2.46721 1
0.49195 -2.44226 1
0.490529 -2.4173 1
0.489182 -2.39234 1
0.487851 -2.36737 1
0.486535 -2.34241 1
0.485193 -2.31744 1
0.483835 -2.29248 1
0.482385 -2.26752 1
0.480717 -2.24258 1
0.478989 -2.21764 1
0.476945 -2.19272 1
0.474928 -2.1678 1
0.472913 -2.14288 1
0.47088 -2.11797 1
0.468863 -2.09305 1
0.466808 -2.06813 1
0.464662 -2.04322 1
0.462516 -2.01832 1
0.460405 -1.99341 1
0.45828 -1.9685 1
0.456196 -1.94358 1
0.454081 -1.91867 1
0.451946 -1.89376 1
0.449777 -1.86886 1
0.447582 -1.84395 1
0.445344 -1.81906 1
0.443071 -1.79416 1
0.440742 -1.76927 1
0.438336 -1.74438 1
0.435875 -1.7195 1
0.433518 -1.69462 1
0.431003 -1.66974 1
0.428222 -1.6449 1
0.425277 -1.62007 1
0.421909 -1.5953 1
0.418394 -1.57055 1
0.414586 -1.54584 1
0.410501 -1.52118 1
0.406117 -1.49656 1
0.401351 -1.47202 1
0.396171 -1.44756 1
0.39053 -1.42321 1
0.384384 -1.39898 1
0.377931 -1.37482 1
0.371195 -1.35075 1
0.364016 -1.3268 1
0.356411 -1.30299 1
0.348186 -1.27938 1
0.339315 -1.25601 1
0.329748 -1.23291 1
0.319584 -1.21007 1
0.308839 -1.18749 1
0.297437 -1.16524 1
0.285365 -1.14335 1
0.272544 -1.12189 1
0.26178 -1.09933 1
0.2496 -1.07749 1
0.234612 -1.05749 1
0.184612 -1.00749 1
0.220438 -1.00313 0.684703
