-0.00463391 -0.00949002 1
-0.00591565 0.00294361 1
-0.00750867 0.0153421 1
-0.00930768 0.0277117 1
-0.011463 0.0400248 1
-0.0138609 0.0522928 1
-0.0166449 0.0644785 1
-0.019689 0.0766024 1
-0.023123 0.0886209 1
-0.0265745 0.100635 1
-0.0299101 0.112682 1
-0.0331106 0.124765 1
-0.0361136 0.136899 1
-0.0389776 0.149066 1
-0.0416403 0.16128 1
-0.0441618 0.173523 1
-0.0464956 0.185803 1
-0.0486914 0.198109 1
-0.0507269 0.210442 1
-0.0526739 0.222789 1
-0.0545027 0.235155 1
-0.0562513 0.247532 1
-0.0578909 0.259924 1
-0.0594565 0.272325 1
-0.0609274 0.284738 1
-0.0623335 0.297159 1
-0.0636709 0.309587 1
-0.0649458 0.322022 1
-0.0661512 0.334464 1
-0.0673002 0.346912 1
-0.0683828 0.359365 1
-0.0694159 0.371822 1
-0.0703718 0.384285 1
-0.0713003 0.39675 1
-0.0722487 0.409215 1
-0.0731512 0.421681 1
-0.074037 0.434151 1
-0.0748648 0.446623 1
-0.0755888 0.459102 1
-0.0762716 0.471584 1
-0.0768767 0.484068 1
-0.0774489 0.496555 1
-0.0779577 0.509046 1
-0.0784399 0.521536 1
-0.0788702 0.534029 1
-0.0792784 0.546521 1
-0.0796438 0.559017 1
-0.079991 0.571512 1
-0.0803022 0.584007 1
-0.080599 0.596504 1
-0.0808653 0.609001 1
-0.0811194 0.621498 1
-0.081349 0.633997 1
-0.081568 0.646495 1
-0.0817656 0.658994 1
-0.0819548 0.671492 1
-0.0821264 0.683991 1
-0.0822905 0.696489 1
-0.08244 0.708989 1
-0.0825827 0.721488 1
-0.0827124 0.733988 1
-0.0828367 0.746486 1
-0.0829504 0.758986 1
-0.0830595 0.771486 1
-0.0831595 0.783985 1
-0.0832548 0.796485 1
-0.0833426 0.808985 1
-0.0834272 0.821485 1
-0.0835043 0.833983 1
-0.0835791 0.846483 1
-0.083647 0.858983 1
-0.0837126 0.871483 1
-0.0837736 0.883983 1
-0.0838316 0.896483 1
-0.083885 0.908983 1
-0.0839369 0.921483 1
-0.083985 0.933983 1
-0.0840307 0.946483 1
-0.0840735 0.958983 1
-0.0841139 0.971483 1
-0.084152 0.983983 1
-0.0841887 0.996483 1
-0.0842222 1.00898 1
-0.084255 1.02148 1
-0.0842848 1.03398 1
-0.0843138 1.04648 1
-0.0843413 1.05898 1
-0.0843672 1.07148 1
-0.0843916 1.08398 1
-0.0844145 1.09648 1
-0.0844366 1.10898 1
-0.0844572 1.12148 1
-0.0844763 1.13398 1
-0.0844954 1.14648 1
-0.0845129 1.15898 1
-0.0845297 1.17148 1
-0.0845457 1.18398 1
-0.0845602 1.19648 1
-0.0845747 1.20898 1
-0.0845884 1.22148 1
-0.0846006 1.23398 1
-0.0846129 1.24648 1
-0.0846243 1.25898 1
-0.0846357 1.27148 1
-0.0846457 1.28398 1
-0.0846556 1.29648 1
-0.0846647 1.30898 1
-0.0846739 1.32148 1
-0.0846823 1.33398 1
-0.0846899 1.34648 1
-0.0846975 1.35898 1
-0.0847052 1.37148 1
-0.084712 1.38398 1
-0.0847181 1.39648 1
-0.0847242 1.40898 1
-0.0847303 1.42148 1
-0.0847357 1.43398 1
-0.084741 1.44648 1
-0.0847464 1.45898 1
-0.0847509 1.47148 1
-0.0847555 1.48398 1
-0.0847601 1.49648 1
-0.0847639 1.50898 1
-0.0847677 1.52148 1
-0.0847715 1.53398 1
-0.0847746 1.54648 1
-0.0847784 1.55898 1
-0.0847815 1.57148 1
-0.0847845 1.58398 1
-0.0847876 1.59648 1
-0.0847899 1.60898 1
-0.0847921 1.62148 1
-0.0847952 1.63398 1
-0.0847975 1.64648 1
-0.0847998 1.65898 1
-0.0848013 1.67148 1
-0.0848036 1.68398 1
-0.0848059 1.69648 1
-0.0848074 1.70898 1
-0.0848089 1.72148 1
-0.0848105 1.73398 1
-0.084812 1.74648 1
-0.0848135 1.75898 1
-0.084815 1.77148 1
-0.0848166 1.78398 1
-0.0848173 1.79648 1
-0.0848189 1.80898 1
-0.0848196 1.82148 1
-0.0848211 1.83398 1
-0.0848219 1.84648 1
-0.0848234 1.85898 1
-0.0848242 1.87148 1
-0.084825 1.88398 1
-0.0848257 1.89648 1
-0.0848265 1.90898 1
-0.0848272 1.92148 1
-0.084828 1.93398 1
-0.0848288 1.94648 1
-0.0848295 1.95898 1
-0.0848295 1.97148 1
-0.0848303 1.98398 1
-0.0848311 1.99648 1
-0.0848318 2.00898 1
-0.0848318 2.02148 1
-0.0848326 2.03398 1
-0.0848326 2.04648 1
-0.0848333 2.05898 1
-0.0848333 2.07148 1
-0.0848341 2.08398 1
-0.0848341 2.09648 1
-0.0848349 2.10898 1
-0.0848349 2.12148 1
-0.0848356 2.13398 1
-0.0848356 2.14648 1
-0.0848356 2.15898 1
-0.0848364 2.17148 1
-0.0848364 2.18398 1
-0.0848364 2.19648 1
-0.0848372 2.20898 1
-0.0848372 2.22148 1
-0.0848372 2.23398 1
-0.0848372 2.24648 1
-0.0848379 2.25898 1
-0.0848379 2.27148 1
-0.0848379 2.28398 1
-0.0848379 2.29648 1
-0.0848387 2.30898 1
-0.0848387 2.32148 1
-0.0848387 2.33398 1
-0.0848387 2.34648 1
-0.0848387 2.35898 1
-0.0848387 2.37148 1
-0.0848387 2.38398 1
-0.0848394 2.39648 1
-0.0848394 2.40898 1
-0.0848394 2.42148 1
-0.0848394 2.43398 1
-0.0848394 2.44648 1
-0.0848394 2.45898 1
-0.0848394 2.47148 1
-0.0848394 2.48398 1
-0.0848394 2.49648 1
-0.0848394 2.50898 1
-0.0848394 2.52148 1
-0.0848394 2.53398 1
-0.0848394 2.54648 1
-0.0848394 2.55898 1
-0.0848394 2.57148 1
-0.0848394 2.58398 1
-0.0848394 2.59648 1
-0.0848394 2.60898 1
-0.0848394 2.62148 1
-0.0848394 2.63398 1
-0.0848394 2.64648 1
-0.0848394 2.65898 1
-0.0848394 2.67148 1
-0.0848394 2.68398 1
-0.0848394 2.69648 1
-0.0848394 2.70898 1
-0.0848394 2.72148 1
-0.0848394 2.73398 1
-0.0848394 2.74648 1
-0.0848394 2.75898 1
-0.0848394 2.77148 1
-0.0848394 2.78398 1
-0.0848394 2.79648 1
-0.0848394 2.80898 1
-0.0848394 2.82148 1
-0.0848394 2.83398 1
-0.0848394 2.84648 1
-0.0848394 2.85898 1
-0.0848402 2.87148 1
-0.0848402 2.88398 1
-0.0848402 2.89648 1
-0.0848402 2.90898 1
-0.0848402 2.92148 1
-0.0848402 2.93398 1
-0.084841 2.94648 1
-0.084841 2.95898 1
-0.084841 2.97148 1
-0.084841 2.98398 1
-0.0848417 2.99648 1
-0.0848417 3.00898 1
-0.0848425 3.02148 1
-0.0848425 3.03398 1
-0.0848433 3.04648 1
-0.084844 3.05898 1
-0.0848448 3.07148 1
-0.0848456 3.08398 1
-0.0848463 3.09648 1
-0.0848471 3.10898 1
-0.0848486 3.12148 1
-0.0848494 3.13398 1
-0.0848509 3.14648 1
-0.0848532 3.15898 1
-0.0848547 3.17148 1
-0.084857 3.18398 1
-0.08486 3.19648 1
-0.0848631 3.20898 1
-0.0848662 3.22148 1
-0.08487 3.23398 1
-0.0848745 3.24648 1
-0.0848799 3.25898 1
-0.084886 3.27148 1
-0.0848929 3.28398 1
-0.0849005 3.29648 1
-0.0849096 3.30898 1
-0.0849196 3.32148 1
-0.0849318 3.33398 1
-0.0849447 3.34648 1
-0.0849608 3.35898 1
-0.0849783 3.37148 1
-0.0849981 3.38398 1
-0.0850218 3.39648 1
-0.0850485 3.40898 1
-0.085079 3.42148 1
-0.0851141 3.43398 1
-0.0851545 3.44648 1
-0.0852011 3.45898 1
-0.0852537 3.47148 1
-0.0853148 3.48398 1
-0.0853842 3.49648 1
-0.0854643 3.50898 1
-0.0855551 3.52148 1
-0.0856604 3.53398 1
-0.0857802 3.54648 1
-0.0859182 3.55898 1
-0.0860762 3.57148 1
-0.0862578 3.58398 1
-0.0864653 3.59647 1
-0.0867033 3.60897 1
-0.0869764 3.62147 1
-0.08729 3.63396 1
-0.0876494 3.64646 1
-0.0880613 3.65895 1
-0.0885328 3.67144 1
-0.0890745 3.68393 1
-0.0896948 3.69642 1
-0.090399 3.7089 1
-0.0912115 3.72137 1
-0.0922262 3.73383 1
-0.0933355 3.74628 1
-0.0946013 3.75872 1
-0.0959616 3.77114 1
-0.0974394 3.78355 1
-0.0990194 3.79595 1
-0.100708 3.80834 1
-0.10247 3.82072 1
-0.104399 3.83306 1
-0.106408 3.8454 1
-0.108535 3.85772 1
-0.110798 3.87001 1
-0.113241 3.88227 1
-0.11587 3.89449 1
-0.118829 3.90664 1
-0.12204 3.91872 1
-0.125509 3.93073 1
-0.129126 3.94269 1
-0.132926 3.9546 1
-0.136887 3.96646 1
-0.14116 3.9782 1
-0.145661 3.98987 1
-0.150624 4.00134 1
-0.155658 4.01278 1
-0.160808 4.02417 1
-0.166207 4.03544 1
-0.171774 4.04664 1
-0.177547 4.05772 1
-0.183432 4.06875 1
-0.189537 4.07966 1
-0.195814 4.09047 1
-0.202156 4.10124 1
-0.208668 4.11191 1
-0.215347 4.12247 1
-0.222159 4.13296 1
-0.22913 4.14333 1
-0.23625 4.15361 1
-0.243529 4.16377 1
-0.250944 4.17383 1
-0.258437 4.18384 1
-0.266083 4.19372 1
-0.273762 4.20359 1
-0.281615 4.21331 1
-0.289621 4.22291 1
-0.297661 4.23248 1
-0.305872 4.24191 1
-0.314113 4.25131 1
-0.322509 4.26057 1
-0.331073 4.26967 1
-0.339679 4.27874 1
-0.348436 4.28766 1
-0.357359 4.29641 1
-0.366328 4.30512 1
-0.375448 4.31367 1
-0.38473 4.32204 1
-0.394057 4.33036 1
-0.403537 4.33851 1
-0.413166 4.34648 1
-0.422833 4.35441 1
-0.432655 4.36214 1
-0.442618 4.36969 1
-0.452608 4.3772 1
-0.462745 4.38451 1
-0.473011 4.39164 1
-0.483402 4.39859 1
-0.493809 4.40552 1
-0.504342 4.41225 1
-0.515011 4.41876 1
-0.525822 4.42504 1
-0.536728 4.43114 1
-0.54772 4.4371 1
-0.558803 4.44288 1
-0.569971 4.44849 1
-0.581208 4.45397 1
-0.592543 4.45924 1
-0.603959 4.46433 1
-0.615446 4.46926 1
-0.627004 4.47402 1
-0.638732 4.47834 1
-0.65053 4.48247 1
-0.662378 4.48646 1
-0.674272 4.4903 1
-0.68622 4.49398 1
-0.698218 4.49748 1
-0.710293 4.50072 1
-0.722443 4.50365 1
-0.734642 4.50638 1
-0.746879 4.50893 1
-0.759151 4.5113 1
-0.771455 4.51351 1
-0.783776 4.51562 1
-0.796109 4.51765 1
-0.808458 4.51959 1
-0.820824 4.52141 1
-0.833209 4.52311 1
-0.845612 4.52466 1
-0.858006 4.52629 1
-0.87042 4.52775 1
-0.88285 4.52907 1
-0.895296 4.53023 1
-0.907746 4.53135 1
-0.920192 4.53251 1
-0.932638 4.53368 1
-0.945084 4.53483 1
-0.957533 4.53596 1
-0.969984 4.53707 1
-0.982437 4.53815 1
-0.994893 4.53919 1
-1.00735 4.54019 1
-1.01982 4.54115 1
-1.03228 4.54206 1
-1.04475 4.54292 1
-1.05723 4.54374 1
-1.0697 4.5445 1
-1.08218 4.54521 1
-1.09467 4.54587 1
-1.10715 4.5465 1
-1.11963 4.54716 1
-1.13212 4.54783 1
-1.14459 4.54854 1
-1.15707 4.54924 1
-1.16956 4.54991 1
-1.18204 4.55056 1
-1.19452 4.55117 1
-1.20701 4.55176 1
-1.2195 4.55232 1
-1.23199 4.55286 1
-1.24448 4.55337 1
-1.25697 4.55387 1
-1.26946 4.55434 1
-1.28195 4.55479 1
-1.29444 4.55522 1
-1.30694 4.55563 1
-1.31943 4.55602 1
-1.33192 4.5564 1
-1.34442 4.55676 1
-1.35691 4.55709 1
-1.36941 4.55741 1
-1.38191 4.55772 1
-1.3944 4.558 1
-1.4069 4.55826 1
-1.4194 4.55849 1
-1.4319 4.5587 1
-1.4444 4.55887 1
-1.45689 4.559 1
-1.46939 4.55909 1
-1.48189 4.55911 1
-1.49439 4.55904 1
-1.50689 4.55887 1
-1.51939 4.55856 1
-1.53189 4.55831 1
-1.54439 4.55835 1
-1.55689 4.55851 1
-1.56939 4.55862 1
-1.58189 4.55867 1
-1.59439 4.55865 1
-1.60688 4.55854 1
-1.61938 4.5583 1
-1.63188 4.55789 1
-1.64436 4.55726 1
-1.65684 4.55662 1
-1.66934 4.5562 1
-1.68183 4.55579 1
-1.69431 4.55517 1
-1.70678 4.55426 1
-1.71921 4.55292 1
-1.73156 4.55102 1
-1.74378 4.54836 1
-1.75612 4.55035 1
-1.7685 4.55205 1
-1.78092 4.55349 1
-1.79336 4.55468 1
-1.80581 4.5558 1
-1.81825 4.55705 1
-1.83068 4.55839 1
-1.8431 4.55978 1
-1.85553 4.56113 1
-1.86797 4.56232 1
-1.88043 4.56337 1
-1.89289 4.5643 1
-1.90536 4.56519 1
-1.91782 4.56616 1
-1.93028 4.56713 1
-1.94275 4.56802 1
-1.95522 4.5689 1
-1.96769 4.56984 1
-1.98015 4.57078 1
-1.99262 4.57164 1
-2.0051 4.57243 1
-2.01757 4.57317 1
-2.03006 4.57384 1
-2.04254 4.57444 1
-2.05503 4.57499 1
-2.06752 4.57549 1
-2.08001 4.57594 1
-2.0925 4.57634 1
-2.105 4.57669 1
-2.1175 4.57701 1
-2.12999 4.57731 1
-2.14249 4.57759 1
-2.15499 4.57786 1
-2.16748 4.57814 1
-2.17998 4.5784 1
-2.19248 4.5786 1
-2.20498 4.57875 1
-2.21748 4.5789 1
-2.22998 4.57905 1
-2.24247 4.57922 1
-2.25497 4.5794 1
-2.26747 4.57962 1
-2.27997 4.57984 1
-2.29247 4.58001 1
-2.30497 4.5801 1
-2.31747 4.58013 1
-2.32997 4.58012 1
-2.34247 4.5801 1
-2.35497 4.58009 1
-2.36747 4.58008 1
-2.37997 4.58007 1
-2.39247 4.58006 1
-2.40497 4.58007 1
-2.41747 4.58008 1
-2.42997 4.5801 1
-2.44247 4.58015 1
-2.45497 4.58022 1
-2.46747 4.58032 1
-2.47997 4.58042 1
-2.49247 4.58044 1
-2.50497 4.5804 1
-2.51747 4.58037 1
-2.52997 4.58035 1
-2.54247 4.58034 1
-2.55497 4.58035 1
-2.56747 4.58038 1
-2.57997 4.58044 1
-2.59247 4.58053 1
-2.60497 4.58062 1
-2.61747 4.58063 1
-2.62997 4.58058 1
-2.64247 4.58053 1
-2.65497 4.5805 1
-2.66747 4.58048 1
-2.67997 4.58048 1
-2.69247 4.58051 1
-2.70497 4.58056 1
-2.71747 4.58065 1
-2.72997 4.58073 1
-2.74247 4.58073 1
-2.75497 4.58067 1
-2.76747 4.58062 1
-2.77997 4.58058 1
-2.79247 4.58055 1
-2.80497 4.58054 1
-2.81747 4.58055 1
-2.82997 4.58059 1
-2.84246 4.58067 1
-2.85496 4.58074 1
-2.86746 4.58071 1
-2.87996 4.58063 1
-2.89246 4.58055 1
-2.90496 4.58046 1
-2.91746 4.58039 1
-2.92996 4.58031 1
-2.94246 4.58024 1
-2.95496 4.58017 1
-2.96746 4.5801 1
-2.97996 4.57998 1
-2.99246 4.57974 1
-3.00495 4.57939 1
-3.01745 4.57896 1
-3.02994 4.57845 1
-3.04242 4.5778 1
-3.05489 4.57699 1
-3.06735 4.57596 1
-3.07978 4.57463 1
-3.09216 4.57287 1
-3.10442 4.57527 1
-3.11681 4.57694 1
-3.12926 4.57804 1
-3.14173 4.57893 1
-3.15421 4.57972 1
-3.16667 4.58066 1
-3.17913 4.5817 1
-3.19158 4.58272 1
-3.20404 4.58373 1
-3.2165 4.58474 1
-3.22896 4.58574 1
-3.24142 4.58673 1
-3.25389 4.58771 1
-3.26635 4.58866 1
-3.27881 4.58958 1
-3.29128 4.59048 1
-3.30375 4.59136 1
-3.31622 4.5922 1
-3.3287 4.59301 1
-3.34117 4.5938 1
-3.35365 4.59455 1
-3.36613 4.59528 1
-3.37861 4.59598 1
-3.39109 4.59666 1
-3.40357 4.59731 1
-3.41606 4.59793 1
-3.42854 4.59852 1
-3.44103 4.59909 1
-3.45352 4.59964 1
-3.46601 4.60016 1
-3.4785 4.60066 1
-3.49099 4.60113 1
-3.50348 4.60158 1
-3.51597 4.602 1
-3.52847 4.60239 1
-3.54096 4.60275 1
-3.55346 4.60308 1
-3.56595 4.60337 1
-3.57845 4.60362 1
-3.59095 4.60381 1
-3.60345 4.60393 1
-3.61595 4.60397 1
-3.62845 4.6039 1
-3.64095 4.6037 1
-3.65344 4.60332 1
-3.66593 4.60271 1
-3.67841 4.60196 1
-3.6909 4.60152 1
-3.7034 4.60143 1
-3.7159 4.60163 1
-3.72839 4.60206 1
-3.74088 4.60246 1
-3.75338 4.60284 1
-3.76587 4.60319 1
-3.77837 4.60351 1
-3.79086 4.60378 1
-3.80336 4.60401 1
-3.81586 4.60419 1
-3.82836 4.6043 1
-3.84086 4.60433 1
-3.85336 4.60425 1
-3.86586 4.60403 1
-3.87835 4.60363 1
-3.89083 4.60299 1
-3.90331 4.6022 1
-3.9158 4.60173 1
-3.9283 4.60161 1
-3.9408 4.60179 1
-3.95329 4.60221 1
-3.96579 4.6026 1
-3.97828 4.60296 1
-3.99078 4.6033 1
-4.00327 4.60359 1
-4.01577 4.60385 1
-4.02827 4.60406 1
-4.04077 4.6042 1
-4.05327 4.60427 1
-4.06577 4.60425 1
-4.07827 4.6041 1
-4.09076 4.60371 1
-4.10325 4.60319 1
-4.11575 4.603 1
-4.12825 4.60306 1
-4.14075 4.60302 1
-4.15325 4.60284 1
-4.16574 4.6025 1
-4.17823 4.60195 1
-4.1907 4.6011 1
-4.20314 4.59991 1
-4.21555 4.59835 1
-4.2279 4.59643 1
-4.24025 4.59449 1
-4.25256 4.59234 1
-4.26476 4.58961 1
-4.27678 4.58618 1
-4.28847 4.58176 1
-4.29966 4.57618 1
-4.31068 4.57029 1
-4.32174 4.56447 1
-4.33283 4.5587 1
-4.34392 4.55293 1
-4.35491 4.54697 1
-4.36575 4.54075 1
-4.37653 4.53442 1
-4.38727 4.52803 1
-4.39787 4.5214 1
-4.40831 4.51453 1
-4.41862 4.50746 1
-4.4288 4.5002 1
-4.43883 4.49275 1
-4.44872 4.4851 1
-4.45847 4.47727 1
-4.46807 4.46927 1
-4.47752 4.46109 1
-4.48684 4.45275 1
-4.49599 4.44424 1
-4.50499 4.43556 1
-4.51383 4.42673 1
-4.52249 4.41772 1
-4.531 4.40855 1
-4.53932 4.39923 1
-4.54746 4.38974 1
-4.55542 4.38011 1
-4.5632 4.37032 1
-4.5708 4.3604 1
-4.5782 4.35032 1
-4.58542 4.34012 1
-4.59247 4.3298 1
-4.59932 4.31935 1
-4.60597 4.30876 1
-4.61241 4.29805 1
-4.61866 4.28722 1
-4.62472 4.27629 1
-4.63056 4.26524 1
-4.6362 4.25408 1
-4.64163 4.24282 1
-4.64686 4.23147 1
-4.65189 4.22002 1
-4.65672 4.20849 1
-4.66134 4.19688 1
-4.66577 4.18519 1
-4.66999 4.17343 1
-4.67403 4.1616 1
-4.67792 4.14972 1
-4.68165 4.13779 1
-4.6852 4.1258 1
-4.68858 4.11377 1
-4.69177 4.10168 1
-4.69476 4.08954 1
-4.69756 4.07736 1
-4.70013 4.06513 1
-4.7025 4.05286 1
-4.70476 4.04056 1
-4.7069 4.02824 1
-4.7089 4.01591 1
-4.71076 4.00354 1
-4.71249 3.99117 1
-4.71409 3.97877 1
-4.71558 3.96636 1
-4.71694 3.95393 1
-4.7182 3.94149 1
-4.71936 3.92905 1
-4.72042 3.91659 1
-4.72139 3.90413 1
-4.72226 3.89166 1
-4.72303 3.87919 1
-4.72371 3.8667 1
-4.72428 3.85422 1
-4.72476 3.84173 1
-4.72514 3.82923 1
-4.72544 3.81674 1
-4.72564 3.80424 1
-4.72576 3.79174 1
-4.72578 3.77924 1
-4.7257 3.76674 1
-4.72551 3.75424 1
-4.72521 3.74174 1
-4.72333 3.72939 1
-4.7213 3.71705 1
-4.71906 3.70475 1
-4.71665 3.69249 1
-4.71409 3.68025 1
-4.71133 3.66806 1
-4.70835 3.65592 1
-4.70516 3.64384 1
-4.70178 3.6318 1
-4.6978 3.61995 1
-4.69371 3.60814 1
-4.68948 3.59638 1
-4.6851 3.58467 1
-4.68054 3.57303 1
-4.67576 3.56148 1
-4.67069 3.55005 1
-4.66545 3.53871 1
-4.66003 3.52744 1
-4.65438 3.51629 1
-4.6485 3.50526 1
-4.64244 3.49433 1
-4.63619 3.4835 1
-4.62974 3.4728 1
-4.6231 3.46221 1
-4.61628 3.45173 1
-4.60924 3.4414 1
-4.60198 3.43123 1
-4.5946 3.42114 1
-4.58699 3.41122 1
-4.57919 3.40145 1
-4.57127 3.39178 1
-4.56312 3.38231 1
-4.55477 3.37301 1
-4.54626 3.36385 1
-4.53755 3.35488 1
-4.52867 3.34609 1
-4.51961 3.33748 1
-4.51036 3.32906 1
-4.50096 3.32082 1
-4.49144 3.31273 1
-4.48174 3.30483 1
-4.47191 3.29711 1
-4.46191 3.28961 1
-4.45177 3.28231 1
-4.44153 3.27515 1
-4.43112 3.26822 1
-4.4206 3.26146 1
-4.40997 3.25489 1
-4.39923 3.2485 1
-4.38835 3.24233 1
-4.37736 3.23638 1
-4.36631 3.23055 1
-4.35513 3.22495 1
-4.34373 3.21982 1
-4.33228 3.21481 1
-4.32075 3.20999 1
-4.30913 3.20537 1
-4.29743 3.20097 1
-4.28566 3.19676 1
-4.27382 3.19277 1
-4.26187 3.18908 1
-4.24985 3.18566 1
-4.23773 3.18259 1
-4.22553 3.17986 1
-4.21324 3.17759 1
-4.20091 3.17557 1
-4.18855 3.17371 1
-4.17616 3.172 1
-4.16376 3.17043 1
-4.15135 3.16898 1
-4.13892 3.16764 1
-4.12648 3.16638 1
-4.11404 3.16521 1
-4.10159 3.16411 1
-4.08913 3.1631 1
-4.07667 3.16212 1
-4.0642 3.16117 1
-4.05174 3.16024 1
-4.03927 3.15933 1
-4.0268 3.15842 1
-4.01433 3.15752 1
-4.00187 3.15659 1
-3.9894 3.15564 1
-3.97694 3.15466 1
-3.96449 3.15364 1
-3.95203 3.15256 1
-3.93959 3.15133 1
-3.92716 3.15007 1
-3.91473 3.14876 1
-3.90229 3.1475 1
-3.88985 3.1463 1
-3.8774 3.14513 1
-3.86496 3.14394 1
-3.85251 3.14282 1
-3.84005 3.14175 1
-3.8276 3.14074 1
-3.81513 3.13978 1
-3.80267 3.13886 1
-3.7902 3.13797 1
-3.77773 3.13712 1
-3.76525 3.13629 1
-3.75278 3.13547 1
-3.74031 3.13462 1
-3.72784 3.13379 1
-3.71537 3.13293 1
-3.7029 3.1321 1
-3.69042 3.13131 1
-3.67794 3.13055 1
-3.66546 3.12997 1
-3.65297 3.12934 1
-3.6405 3.12854 1
-3.62802 3.12779 1
-3.61554 3.12709 1
-3.60306 3.12642 1
-3.59057 3.12581 1
-3.57809 3.12523 1
-3.5656 3.1247 1
-3.55311 3.12422 1
-3.54061 3.1238 1
-3.52812 3.12341 1
-3.51562 3.12307 1
-3.50313 3.12273 1
-3.49063 3.12243 1
-3.47814 3.12212 1
-3.46564 3.12173 1
-3.45315 3.12136 1
-3.44065 3.12108 1
-3.42815 3.12084 1
-3.41565 3.12075 1
-3.40315 3.12067 1
-3.39065 3.1206 1
-3.37816 3.12054 1
-3.36566 3.1205 1
-3.35316 3.12045 1
-3.34066 3.12041 1
-3.32816 3.12037 1
-3.31566 3.12032 1
-3.30316 3.12027 1
-3.29066 3.12021 1
-3.27816 3.12013 1
-3.26566 3.11987 1
-3.25316 3.11966 1
-3.24066 3.11966 1
-3.22816 3.11965 1
-3.21566 3.11964 1
-3.20316 3.1196 1
-3.19066 3.11955 1
-3.17816 3.11947 1
-3.16566 3.11934 1
-3.15316 3.11917 1
-3.14067 3.11867 1
-3.12818 3.1182 1
-3.11568 3.11793 1
-3.10319 3.11764 1
-3.09069 3.11731 1
-3.0782 3.11695 1
-3.06571 3.1165 1
-3.05321 3.11604 1
-3.04072 3.11555 1
-3.02823 3.11501 1
-3.01577 3.11405 1
-3.0033 3.11315 1
-2.99081 3.11274 1
-2.97832 3.11231 1
-2.96583 3.11184 1
-2.95334 3.11136 1
-2.94085 3.11089 1
-2.92835 3.11042 1
-2.91586 3.10995 1
-2.90337 3.10948 1
-2.89088 3.10901 1
-2.87839 3.10853 1
-2.8659 3.10806 1
-2.85341 3.10759 1
-2.84092 3.10711 1
-2.82843 3.10663 1
-2.81594 3.10615 1
-2.80344 3.10567 1
-2.79095 3.10519 1
-2.77846 3.1047 1
-2.76597 3.10422 1
-2.75348 3.10373 1
-2.74099 3.10325 1
-2.7285 3.10277 1
-2.71601 3.10229 1
-2.70352 3.10181 1
-2.69103 3.10135 1
-2.67854 3.10089 1
-2.66604 3.10046 1
-2.65355 3.10004 1
-2.64106 3.09965 1
-2.62856 3.0993 1
-2.61607 3.099 1
-2.60357 3.09875 1
-2.59107 3.09858 1
-2.57857 3.0985 1
-2.56607 3.09856 1
-2.55357 3.09875 1
-2.54113 3.09996 1
-2.52867 3.10097 1
-2.51618 3.10156 1
-2.50369 3.10199 1
-2.4912 3.10159 1
-2.47871 3.10117 1
-2.46621 3.10073 1
-2.45372 3.10029 1
-2.44123 3.09986 1
-2.42874 3.09945 1
-2.41624 3.09907 1
-2.40375 3.09872 1
-2.39125 3.09842 1
-2.37875 3.09818 1
-2.36625 3.09801 1
-2.35375 3.09794 1
-2.34125 3.09802 1
-2.32876 3.09824 1
-2.31633 3.09956 1
-2.30387 3.10066 1
-2.29139 3.10129 1
-2.2789 3.10176 1
-2.26641 3.10135 1
-2.25391 3.10092 1
-2.24142 3.10047 1
-2.22893 3.10003 1
-2.21644 3.09961 1
-2.20394 3.09923 1
-2.19145 3.09889 1
-2.17895 3.09859 1
-2.16645 3.09835 1
-2.15395 3.09817 1
-2.14145 3.09807 1
-2.12895 3.09807 1
-2.11649 3.09904 1
-2.10401 3.09978 1
-2.09152 3.09935 1
-2.07903 3.09894 1
-2.06653 3.09856 1
-2.05404 3.09822 1
-2.04154 3.09792 1
-2.02904 3.09766 1
-2.01655 3.09746 1
-2.00405 3.09732 1
-1.99157 3.09811 1
-1.97908 3.09862 1
-1.9666 3.09794 1
-1.95412 3.09723 1
-1.94164 3.09645 1
-1.92917 3.09561 1
-1.91671 3.09466 1
-1.90426 3.09355 1
-1.89184 3.09216 1
-1.87945 3.09051 1
-1.86703 3.08903 1
-1.85473 3.08683 1
-1.84268 3.0835 1
-1.83083 3.07952 1
-1.8193 3.07469 1
-1.80781 3.06978 1
-1.7963 3.06491 1
-1.78477 3.06007 1
-1.77302 3.05582 1
-1.76128 3.05151 1
-1.7497 3.04681 1
-1.73825 3.04179 1
-1.72694 3.03646 1
-1.71575 3.0309 1
-1.70469 3.02507 1
-1.69355 3.0194 1
-1.68246 3.01363 1
-1.67108 3.00847 1
-1.65969 3.00332 1
-1.64864 2.99747 1
-1.63772 2.99138 1
-1.62693 2.98507 1
-1.61641 2.97833 1
-1.60594 2.9715 1
-1.59569 2.96434 1
-1.58551 2.95709 1
-1.57544 2.94969 1
-1.56556 2.94202 1
-1.55579 2.93423 1
-1.54624 2.92616 1
-1.5368 2.91797 1
-1.52749 2.90963 1
-1.5184 2.90105 1
-1.50944 2.89234 1
-1.50062 2.88347 1
-1.49204 2.87438 1
-1.48361 2.86516 1
-1.47534 2.85578 1
-1.46732 2.84619 1
-1.45943 2.8365 1
-1.4517 2.82667 1
-1.44427 2.81662 1
-1.43697 2.80648 1
-1.42984 2.79621 1
-1.42308 2.78569 1
-1.41646 2.77509 1
-1.40995 2.76442 1
-1.40358 2.75366 1
-1.39765 2.74266 1
-1.39181 2.73161 1
-1.38608 2.7205 1
-1.38049 2.70932 1
-1.37508 2.69805 1
-1.37029 2.6865 1
-1.36558 2.67493 1
-1.36094 2.66332 1
-1.35639 2.65168 1
-1.352 2.63997 1
-1.34824 2.62805 1
-1.34461 2.61609 1
-1.34114 2.60408 1
-1.33783 2.59203 1
-1.33468 2.57993 1
-1.33168 2.5678 1
-1.32885 2.55562 1
-1.32619 2.54341 1
-1.32372 2.53116 1
-1.3214 2.51887 1
-1.3192 2.50657 1
-1.31714 2.49424 1
-1.31522 2.48188 1
-1.31345 2.46951 1
-1.31181 2.45712 1
-1.31031 2.44471 1
-1.30893 2.43229 1
-1.30767 2.41985 1
-1.30651 2.4074 1
-1.30546 2.39495 1
-1.30452 2.38248 1
-1.30369 2.37001 1
-1.30296 2.35753 1
-1.30234 2.34505 1
-1.30183 2.33256 1
-1.30144 2.32007 1
-1.30118 2.30757 1
-1.30105 2.29507 1
-1.30107 2.28257 1
-1.30125 2.27007 1
-1.3016 2.25757 1
-1.30213 2.24509 1
-1.30288 2.23261 1
-1.30384 2.22014 1
-1.30504 2.2077 1
-1.30649 2.19529 1
-1.3082 2.18291 1
-1.3102 2.17057 1
-1.31247 2.15827 1
-1.31506 2.14605 1
-1.31802 2.1339 1
-1.32139 2.12186 1
-1.32517 2.10995 1
-1.32909 2.09808 1
-1.33314 2.08625 1
-1.33728 2.07446 1
-1.34154 2.06271 1
-1.34595 2.05101 1
-1.35053 2.03938 1
-1.35539 2.02786 1
-1.36051 2.01646 1
-1.36587 2.00517 1
-1.37143 1.99397 1
-1.37721 1.98289 1
-1.38322 1.97193 1
-1.38945 1.96109 1
-1.39587 1.95037 1
-1.40251 1.93978 1
-1.40937 1.92932 1
-1.41642 1.919 1
-1.42366 1.90881 1
-1.4311 1.89877 1
-1.43874 1.88887 1
-1.44655 1.87912 1
-1.45455 1.86951 1
-1.46275 1.86008 1
-1.47112 1.8508 1
-1.47968 1.84169 1
-1.48842 1.83275 1
-1.49734 1.82399 1
-1.50643 1.81541 1
-1.51569 1.80702 1
-1.52513 1.79882 1
-1.53473 1.79081 1
-1.54447 1.78298 1
-1.55436 1.77534 1
-1.56441 1.76791 1
-1.57461 1.76068 1
-1.58494 1.75364 1
-1.5954 1.74679 1
-1.60599 1.74016 1
-1.61671 1.73372 1
-1.62753 1.72746 1
-1.63846 1.7214 1
-1.64951 1.71555 1
-1.66065 1.70989 1
-1.67189 1.70441 1
-1.68322 1.69914 1
-1.69467 1.69413 1
-1.70622 1.68935 1
-1.71788 1.68485 1
-1.72965 1.68063 1
-1.74153 1.67673 1
-1.75349 1.6731 1
-1.76551 1.66969 1
-1.7776 1.66649 1
-1.78973 1.66348 1
-1.80191 1.66066 1
-1.81411 1.65796 1
-1.82634 1.65537 1
-1.8386 1.65291 1
-1.85088 1.65059 1
-1.86317 1.64833 1
-1.87548 1.64615 1
-1.88781 1.64408 1
-1.90016 1.64214 1
-1.91252 1.6403 1
-1.9249 1.63858 1
-1.9373 1.63697 1
-1.94971 1.63545 1
-1.96213 1.63403 1
-1.97455 1.63271 1
-1.98699 1.63146 1
-1.99944 1.6303 1
-2.01189 1.6292 1
-2.02435 1.62818 1
-2.03681 1.62721 1
-2.04928 1.62629 1
-2.06175 1.62545 1
-2.07422 1.62468 1
-2.0867 1.62397 1
-2.09919 1.62335 1
-2.11168 1.62279 1
-2.12417 1.62231 1
-2.13666 1.62189 1
-2.14916 1.62154 1
-2.16165 1.62124 1
-2.17415 1.62098 1
-2.18665 1.62074 1
-2.19915 1.62054 1
-2.21164 1.62035 1
-2.22414 1.62018 1
-2.23664 1.62 1
-2.24914 1.61983 1
-2.26164 1.61965 1
-2.27414 1.61944 1
-2.28663 1.6192 1
-2.29913 1.61892 1
-2.31163 1.61868 1
-2.32413 1.61853 1
-2.33663 1.61844 1
-2.34913 1.61842 1
-2.36163 1.61837 1
-2.37413 1.61829 1
-2.38663 1.61816 1
-2.39913 1.61796 1
-2.41162 1.61782 1
-2.42412 1.61776 1
-2.43662 1.61775 1
-2.44912 1.61782 1
-2.46162 1.61785 1
-2.47412 1.61784 1
-2.48662 1.61777 1
-2.49912 1.61763 1
-2.51162 1.61755 1
-2.52412 1.61755 1
-2.53662 1.6175 1
-2.54912 1.61739 1
-2.56162 1.61732 1
-2.57412 1.61734 1
-2.58662 1.6173 1
-2.59912 1.61719 1
-2.61162 1.61713 1
-2.62412 1.61715 1
-2.63662 1.61711 1
-2.64912 1.617 1
-2.66162 1.61694 1
-2.67412 1.61695 1
-2.68662 1.61702 1
-2.69912 1.61715 1
-2.71162 1.61724 1
-2.72412 1.61727 1
-2.73662 1.61724 1
-2.74912 1.61713 1
-2.76162 1.61708 1
-2.77412 1.61711 1
-2.78662 1.6172 1
-2.79912 1.61736 1
-2.81162 1.61759 1
-2.82411 1.61789 1
-2.83661 1.61818 1
-2.8491 1.61848 1
-2.8616 1.61869 1
-2.8741 1.61881 1
-2.8866 1.61889 1
-2.8991 1.61894 1
-2.9116 1.61898 1
-2.9241 1.61902 1
-2.9366 1.61906 1
-2.9491 1.61909 1
-2.9616 1.6191 1
-2.9741 1.61907 1
-2.9866 1.61901 1
-2.9991 1.61891 1
-3.0116 1.61887 1
-3.0241 1.61892 1
-3.0366 1.61906 1
-3.0491 1.61928 1
-3.0616 1.6195 1
-3.07409 1.61973 1
-3.08659 1.61998 1
-3.09909 1.62026 1
-3.11158 1.62059 1
-3.12408 1.62098 1
-3.13657 1.62138 1
-3.14907 1.62177 1
-3.16156 1.62217 1
-3.17405 1.62256 1
-3.18655 1.62292 1
-3.19904 1.62326 1
-3.21154 1.62358 1
-3.22404 1.62389 1
-3.23653 1.6242 1
-3.24903 1.62452 1
-3.26152 1.62487 1
-3.27402 1.62526 1
-3.28651 1.62565 1
-3.299 1.62605 1
-3.3115 1.62643 1
-3.32399 1.62678 1
-3.33649 1.62709 1
-3.34899 1.62733 1
-3.36149 1.62756 1
-3.37398 1.62776 1
-3.38648 1.62797 1
-3.39898 1.62817 1
-3.41148 1.62838 1
-3.42398 1.62862 1
-3.43648 1.6288 1
-3.44897 1.62891 1
-3.46147 1.62901 1
-3.47397 1.62912 1
-3.48647 1.62925 1
-3.49897 1.6294 1
-3.51147 1.62958 1
-3.52397 1.6298 1
-3.53647 1.62998 1
-3.54897 1.63009 1
-3.56147 1.63015 1
-3.57397 1.63013 1
-3.58647 1.6301 1
-3.59897 1.63008 1
-3.61147 1.63006 1
-3.62397 1.63004 1
-3.63647 1.63003 1
-3.64897 1.63002 1
-3.66147 1.63002 1
-3.67397 1.63004 1
-3.68647 1.63007 1
-3.69897 1.63013 1
-3.71147 1.63021 1
-3.72397 1.63034 1
-3.73647 1.6304 1
-3.74897 1.63037 1
-3.76147 1.63033 1
-3.77397 1.6303 1
-3.78647 1.63029 1
-3.79897 1.63029 1
-3.81147 1.63031 1
-3.82397 1.63035 1
-3.83647 1.63043 1
-3.84896 1.63055 1
-3.86146 1.6306 1
-3.87396 1.63056 1
-3.88646 1.63052 1
-3.89896 1.63048 1
-3.91146 1.63046 1
-3.92396 1.63045 1
-3.93646 1.63047 1
-3.94896 1.63051 1
-3.96146 1.63059 1
-3.97396 1.63071 1
-3.98646 1.63077 1
-3.99896 1.63073 1
-4.01146 1.63069 1
-4.02396 1.63067 1
-4.03646 1.63067 1
-4.04896 1.63069 1
-4.06146 1.63074 1
-4.07396 1.63083 1
-4.08646 1.63098 1
-4.09896 1.63121 1
-4.11146 1.63133 1
-4.12396 1.63131 1
-4.13646 1.63122 1
-4.14896 1.63107 1
-4.16146 1.63084 1
-4.17395 1.63052 1
-4.18645 1.63014 1
-4.19894 1.62968 1
-4.21142 1.62913 1
-4.22391 1.62844 1
-4.23638 1.62757 1
-4.24882 1.62645 1
-4.26125 1.62506 1
-4.27364 1.62345 1
-4.28601 1.62164 1
-4.29835 1.61962 1
-4.31062 1.61724 1
-4.32278 1.61434 1
-4.33482 1.61098 1
-4.34672 1.60716 1
-4.35834 1.60256 1
-4.36968 1.59729 1
-4.38084 1.59167 1
-4.39179 1.58564 1
-4.4025 1.57919 1
-4.41298 1.57237 1
-4.42338 1.56545 1
-4.43386 1.55862 1
-4.44429 1.55174 1
-4.45466 1.54477 1
-4.46503 1.53778 1
-4.47533 1.5307 1
-4.48552 1.52346 1
-4.49559 1.51605 1
-4.50552 1.50846 1
-4.51531 1.50069 1
-4.52495 1.49273 1
-4.53444 1.48459 1
-4.54376 1.47626 1
-4.5529 1.46774 1
-4.56188 1.45904 1
-4.57067 1.45016 1
-4.57928 1.44109 1
-4.58768 1.43184 1
-4.59589 1.42241 1
-4.6039 1.41282 1
-4.61172 1.40306 1
-4.61934 1.39315 1
-4.62674 1.38308 1
-4.63393 1.37285 1
-4.64091 1.36249 1
-4.6477 1.35199 1
-4.65427 1.34136 1
-4.66063 1.33059 1
-4.66678 1.31971 1
-4.67275 1.30873 1
-4.67851 1.29764 1
-4.68405 1.28643 1
-4.6894 1.27513 1
-4.69455 1.26375 1
-4.69951 1.25227 1
-4.70427 1.24071 1
-4.70884 1.22908 1
-4.71321 1.21737 1
-4.7174 1.20559 1
-4.72139 1.19374 1
-4.72519 1.18184 1
-4.72887 1.16989 1
-4.7324 1.1579 1
-4.73578 1.14586 1
-4.73902 1.13379 1
-4.7421 1.12168 1
-4.74499 1.10952 1
-4.74769 1.09731 1
-4.75014 1.08505 1
-4.75236 1.07275 1
-4.75443 1.06042 1
-4.75635 1.04807 1
-4.75809 1.03569 1
-4.75967 1.02329 1
-4.7611 1.01088 1
-4.76237 0.998441 1
-4.76351 0.985993 1
-4.76453 0.973534 1
-4.76545 0.961069 1
-4.76629 0.948596 1
-4.76709 0.936121 1
-4.76783 0.923644 1
-4.76853 0.911164 1
-4.7692 0.898682 1
-4.76986 0.886199 1
-4.7705 0.873715 1
-4.77116 0.861232 1
-4.77181 0.848749 1
-4.77211 0.836254 1
-4.77201 0.823754 1
-4.77158 0.811261 1
-4.77077 0.798787 1
-4.76964 0.786337 1
-4.76817 0.773924 1
-4.76632 0.761563 1
-4.76408 0.749265 1
-4.76156 0.737021 1
-4.75877 0.724838 1
-4.75568 0.712725 1
-4.75234 0.700681 1
-4.74957 0.68849 1
-4.74662 0.676344 1
-4.74353 0.664232 1
-4.74029 0.652159 1
-4.73683 0.640146 1
-4.73314 0.628205 1
-4.7291 0.616376 1
-4.72445 0.60477 1
-4.7196 0.59325 1
-4.71456 0.581812 1
-4.7093 0.570471 1
-4.70382 0.559239 1
-4.69802 0.548166 1
-4.69203 0.537192 1
-4.68585 0.526329 1
-4.67943 0.515605 1
-4.67281 0.505002 1
-4.66596 0.494541 1
-4.6589 0.484227 1
-4.65164 0.474054 1
-4.64423 0.463985 1
-4.63659 0.454091 1
-4.62875 0.444354 1
-4.62079 0.434715 1
-4.61262 0.425258 1
-4.60426 0.415962 1
-4.59574 0.406824 1
-4.58702 0.397858 1
-4.57815 0.389055 1
-4.56908 0.380451 1
-4.55986 0.372017 1
-4.55048 0.36375 1
-4.54093 0.355683 1
-4.53123 0.347795 1
-4.52141 0.34007 1
-4.51142 0.33255 1
-4.5013 0.325223 1
-4.49109 0.318009 1
-4.48072 0.311025 1
-4.47027 0.30417 1
-4.45964 0.297585 1
-4.44888 0.291225 1
-4.43799 0.28509 1
-4.42698 0.279176 1
-4.41585 0.273491 1
-4.4046 0.268031 1
-4.39319 0.262923 1
-4.38172 0.257968 1
-4.37022 0.253069 1
-4.35869 0.248242 1
-4.34713 0.243475 1
-4.33549 0.238909 1
-4.32383 0.234423 1
-4.31208 0.230159 1
-4.30025 0.22611 1
-4.28835 0.222298 1
-4.27637 0.218721 1
-4.26432 0.215378 1
-4.25221 0.212307 1
-4.24003 0.209503 1
-4.22778 0.206996 1
-4.21546 0.204865 1
-4.20311 0.202983 1
-4.19072 0.201327 1
-4.17829 0.199939 1
-4.16586 0.198676 1
-4.15341 0.197492 1
-4.14096 0.196407 1
-4.1285 0.195384 1
-4.11604 0.194439 1
-4.10357 0.193545 1
-4.0911 0.192718 1
-4.07862 0.191933 1
-4.06615 0.191181 1
-4.05367 0.190476 1
-4.04118 0.18982 1
-4.0287 0.189214 1
-4.0162 0.188832 1
-4.00371 0.188443 1
-3.99122 0.188034 1
-3.97872 0.187616 1
-3.96623 0.187185 1
-3.95374 0.186741 1
-3.94125 0.186278 1
-3.92876 0.185794 1
-3.91627 0.185282 1
-3.90378 0.184737 1
-3.89129 0.184155 1
-3.87881 0.183515 1
-3.86633 0.182708 1
-3.85386 0.181846 1
-3.84141 0.180822 1
-3.82895 0.179762 1
-3.8165 0.178692 1
-3.80405 0.177567 1
-3.79161 0.176309 1
-3.77918 0.17503 1
-3.76674 0.173816 1
-3.75429 0.172663 1
-3.74184 0.171568 1
-3.72938 0.170522 1
-3.71692 0.16951 1
-3.70446 0.168543 1
-3.692 0.167606 1
-3.67953 0.166718 1
-3.66705 0.165895 1
-3.65458 0.165131 1
-3.6421 0.164443 1
-3.62961 0.163828 1
-3.61711 0.163866 1
-3.60461 0.16377 1
-3.59212 0.163366 1
-3.57963 0.162841 1
-3.56717 0.161861 1
-3.5547 0.160916 1
-3.54224 0.160006 1
-3.52977 0.159121 1
-3.5173 0.158261 1
-3.50483 0.15741 1
-3.49235 0.156569 1
-3.47988 0.15572 1
-3.4674 0.155029 1
-3.45493 0.154214 1
-3.44247 0.153173 1
-3.43002 0.152087 1
-3.41757 0.150937 1
-3.40513 0.149734 1
-3.39268 0.14859 1
-3.38023 0.147497 1
-3.36778 0.14644 1
-3.35532 0.145428 1
-3.34285 0.144473 1
-3.33039 0.143543 1
-3.31792 0.142649 1
-3.30545 0.141761 1
-3.29298 0.140886 1
-3.28051 0.139996 1
-3.26805 0.139054 1
-3.25559 0.138097 1
-3.24313 0.137053 1
-3.23067 0.136005 1
-3.21822 0.134911 1
-3.20577 0.133811 1
-3.19333 0.132633 1
-3.18088 0.131485 1
-3.16843 0.130326 1
-3.15598 0.12922 1
-3.14352 0.128204 1
-3.13106 0.127252 1
-3.11859 0.126392 1
-3.10611 0.125608 1
-3.09363 0.124925 1
-3.08115 0.12431 1
-3.06866 0.123772 1
-3.05617 0.123293 1
-3.04367 0.122992 1
-3.03118 0.122705 1
-3.01868 0.12245 1
-3.00618 0.122198 1
-2.99369 0.121858 1
-2.98119 0.121541 1
-2.96869 0.121401 1
-2.95619 0.121262 1
-2.94369 0.121135 1
-2.93119 0.121003 1
-2.91869 0.120872 1
-2.90619 0.120723 1
-2.8937 0.120407 1
-2.8812 0.120111 1
-2.8687 0.119901 1
-2.8562 0.119724 1
-2.8437 0.119727 1
-2.8312 0.119724 1
-2.8187 0.119721 1
-2.8062 0.119711 1
-2.7937 0.119695 1
-2.7812 0.119664 1
-2.7687 0.119619 1
-2.7562 0.119551 1
-2.7437 0.119462 1
-2.73121 0.11933 1
-2.71871 0.119051 1
-2.70621 0.118732 1
-2.69373 0.11808 1
-2.68125 0.117439 1
-2.66875 0.117084 1
-2.65626 0.116711 1
-2.64377 0.11622 1
-2.63128 0.115733 1
-2.61878 0.115261 1
-2.60629 0.114779 1
-2.59381 0.114244 1
-2.58132 0.113716 1
-2.56883 0.113204 1
-2.55634 0.112696 1
-2.54385 0.112197 1
-2.53136 0.111703 1
-2.51887 0.111215 1
-2.50638 0.110728 1
-2.49389 0.110246 1
-2.48139 0.109763 1
-2.4689 0.109283 1
-2.45641 0.108801 1
-2.44392 0.10832 1
-2.43143 0.107838 1
-2.41894 0.107354 1
-2.40645 0.106868 1
-2.39396 0.106381 1
-2.38147 0.10589 1
-2.36898 0.105397 1
-2.35649 0.104902 1
-2.344 0.104403 1
-2.33151 0.103902 1
-2.31902 0.103398 1
-2.30653 0.102892 1
-2.29404 0.102384 1
-2.28155 0.101875 1
-2.26906 0.101364 1
-2.25657 0.100855 1
-2.24408 0.100349 1
-2.23159 0.0998514 1
-2.2191 0.0993731 1
-2.20661 0.0989153 1
-2.19412 0.0984766 1
-2.18162 0.0980577 1
-2.16913 0.0976595 1
-2.15664 0.0972811 1
-2.14414 0.0969263 1
-2.13165 0.096596 1
-2.11916 0.0971323 1
-2.10666 0.0973978 1
-2.09422 0.0962183 1
-2.08177 0.0950479 1
-2.06932 0.0939104 1
-2.05688 0.092721 1
-2.04445 0.0914148 1
-2.03202 0.0900377 1
-2.01961 0.0885675 1
-2.00722 0.0869425 1
-1.99479 0.0856043 1
-1.98242 0.0837694 1
-1.97017 0.0813211 1
-1.95802 0.0783586 1
-1.94603 0.0748178 1
-1.93404 0.0713091 1
-1.92205 0.067753 1
-1.9101 0.0640985 1
-1.8982 0.0602556 1
-1.88638 0.056209 1
-1.8747 0.0517542 1
-1.86311 0.0470682 1
-1.85163 0.0421267 1
-1.84055 0.0363359 1
-1.82956 0.0303789 1
-1.81881 0.0239992 1
-1.80792 0.0178682 1
-1.79679 0.012182 1
-1.78561 0.00658435 1
-1.77432 0.0012125 1
-1.76311 -0.00431195 1
-1.75201 -0.0100637 1
-1.74101 -0.0160017 1
-1.73013 -0.0221586 1
-1.71941 -0.0285772 1
-1.7088 -0.0351965 1
-1.69835 -0.0420462 1
-1.688 -0.0490576 1
-1.6778 -0.0562864 1
-1.66778 -0.0637602 1
-1.65788 -0.0713865 1
-1.6482 -0.0793013 1
-1.63864 -0.0873541 1
-1.62922 -0.0955648 1
-1.62002 -0.104027 1
-1.61095 -0.112631 1
-1.60204 -0.121395 1
-1.59336 -0.13039 1
-1.58483 -0.139532 1
-1.57649 -0.148836 1
-1.56836 -0.158333 1
-1.56038 -0.167956 1
-1.55259 -0.17773 1
-1.54506 -0.18771 1
-1.53768 -0.197797 1
-1.53048 -0.208018 1
-1.52365 -0.218485 1
-1.51694 -0.229032 1
-1.51036 -0.23966 1
-1.50394 -0.250386 1
-1.49794 -0.261349 1
-1.49203 -0.272367 1
-1.48625 -0.283449 1
-1.48061 -0.294607 1
-1.47518 -0.305861 1
-1.47033 -0.317386 1
-1.46556 -0.32894 1
-1.46088 -0.340528 1
-1.45631 -0.352162 1
-1.45191 -0.363862 1
-1.44812 -0.375774 1
-1.44449 -0.387736 1
-1.44102 -0.399746 1
-1.43772 -0.411801 1
-1.43458 -0.4239 1
-1.4316 -0.43604 1
-1.42878 -0.448218 1
-1.42615 -0.460438 1
-1.42372 -0.4727 1
-1.42141 -0.484985 1
-1.41924 -0.497294 1
-1.4172 -0.509627 1
-1.41532 -0.521985 1
-1.41358 -0.534363 1
-1.41198 -0.54676 1
-1.41051 -0.559173 1
-1.40917 -0.571602 1
-1.40795 -0.584041 1
-1.40684 -0.596493 1
-1.40584 -0.608952 1
-1.40495 -0.621421 1
-1.40416 -0.633896 1
-1.40348 -0.646377 1
-1.40292 -0.658864 1
-1.40247 -0.671357 1
-1.40215 -0.683852 1
-1.40196 -0.696351 1
-1.40191 -0.708851 1
-1.40202 -0.721351 1
-1.40229 -0.733848 1
-1.40275 -0.746339 1
-1.4034 -0.758822 1
-1.40426 -0.771293 1
-1.40532 -0.783748 1
-1.40662 -0.796181 1
-1.4081 -0.808592 1
-1.40978 -0.820979 1
-1.41163 -0.833341 1
-1.41367 -0.845672 1
-1.41591 -0.857971 1
-1.41835 -0.870231 1
-1.421 -0.882446 1
-1.42389 -0.894609 1
-1.42691 -0.906737 1
-1.43004 -0.91884 1
-1.43325 -0.930921 1
-1.43655 -0.942977 1
-1.43996 -0.955001 1
-1.44351 -0.966989 1
-1.4472 -0.97893 1
-1.45109 -0.990811 1
-1.45514 -1.00264 1
-1.45936 -1.0144 1
-1.46377 -1.0261 1
-1.46842 -1.0377 1
-1.47336 -1.04918 1
-1.47851 -1.06057 1
-1.48384 -1.07188 1
-1.48933 -1.08311 1
-1.49502 -1.09424 1
-1.50092 -1.10526 1
-1.50693 -1.11622 1
-1.51311 -1.12708 1
-1.51945 -1.13786 1
-1.52595 -1.14854 1
-1.53255 -1.15915 1
-1.53928 -1.16968 1
-1.54615 -1.18013 1
-1.55312 -1.1905 1
-1.56021 -1.2008 1
-1.56742 -1.21101 1
-1.57473 -1.22115 1
-1.58216 -1.2312 1
-1.58971 -1.24116 1
-1.59734 -1.25106 1
-1.6051 -1.26087 1
-1.61296 -1.27058 1
-1.62092 -1.28022 1
-1.62899 -1.28977 1
-1.63716 -1.29923 1
-1.64544 -1.30859 1
-1.65384 -1.31785 1
-1.66233 -1.32702 1
-1.67094 -1.33609 1
-1.67966 -1.34504 1
-1.68847 -1.35391 1
-1.69738 -1.36268 1
-1.70639 -1.37134 1
-1.71551 -1.37989 1
-1.72473 -1.38833 1
-1.73404 -1.39667 1
-1.74345 -1.4049 1
-1.75294 -1.41303 1
-1.76253 -1.42106 1
-1.77219 -1.42899 1
-1.78192 -1.43684 1
-1.79172 -1.44459 1
-1.8016 -1.45225 1
-1.81151 -1.45987 1
-1.82148 -1.46741 1
-1.83149 -1.4749 1
-1.84155 -1.48232 1
-1.85167 -1.48965 1
-1.86183 -1.49694 1
-1.87203 -1.50416 1
-1.88227 -1.51132 1
-1.89255 -1.51844 1
-1.90286 -1.52551 1
-1.91319 -1.53254 1
-1.92356 -1.53953 1
-1.93394 -1.54648 1
-1.94435 -1.55341 1
-1.95476 -1.56032 1
-1.96518 -1.56723 1
-1.9756 -1.57414 1
-1.98602 -1.58104 1
-1.99645 -1.58794 1
-2.00687 -1.59483 1
-2.0173 -1.60173 1
-2.02773 -1.60861 1
-2.03816 -1.6155 1
-2.0486 -1.62239 1
-2.05903 -1.62927 1
-2.06946 -1.63615 1
-2.0799 -1.64303 1
-2.09033 -1.64991 1
-2.10077 -1.65679 1
-2.11122 -1.66366 1
-2.12166 -1.67052 1
-2.13212 -1.67737 1
-2.14259 -1.6842 1
-2.15307 -1.69102 1
-2.16355 -1.69783 1
-2.17404 -1.70462 1
-2.18454 -1.71141 1
-2.19505 -1.71818 1
-2.20555 -1.72495 1
-2.21607 -1.73172 1
-2.22658 -1.73847 1
-2.23711 -1.74522 1
-2.24763 -1.75196 1
-2.25817 -1.75868 1
-2.26872 -1.76539 1
-2.27927 -1.77209 1
-2.28983 -1.77878 1
-2.3004 -1.78546 1
-2.31097 -1.79213 1
-2.32154 -1.7988 1
-2.33212 -1.80545 1
-2.34271 -1.8121 1
-2.3533 -1.81874 1
-2.36389 -1.82538 1
-2.37448 -1.83202 1
-2.38508 -1.83865 1
-2.39568 -1.84527 1
-2.40628 -1.8519 1
-2.41688 -1.85852 1
-2.42749 -1.86514 1
-2.43809 -1.87175 1
-2.4487 -1.87837 1
-2.45931 -1.88498 1
-2.46992 -1.89158 1
-2.48053 -1.89819 1
-2.49114 -1.9048 1
-2.50175 -1.9114 1
-2.51236 -1.91801 1
-2.52298 -1.92461 1
-2.53359 -1.93121 1
-2.54421 -1.93781 1
-2.55483 -1.9444 1
-2.56546 -1.95098 1
-2.57609 -1.95755 1
-2.58673 -1.96411 1
-2.59738 -1.97067 1
-2.60802 -1.97722 1
-2.61868 -1.98376 1
-2.62933 -1.99029 1
-2.63999 -1.99682 1
-2.65065 -2.00335 1
-2.66132 -2.00986 1
-2.67199 -2.01637 1
-2.68266 -2.02288 1
-2.69333 -2.02939 1
-2.70401 -2.03589 1
-2.71469 -2.04239 1
-2.72537 -2.04888 1
-2.73606 -2.05536 1
-2.74675 -2.06183 1
-2.75747 -2.06827 1
-2.76819 -2.07469 1
-2.77894 -2.08108 1
-2.78969 -2.08745 1
-2.80046 -2.0938 1
-2.81123 -2.10014 1
-2.82202 -2.10646 1
-2.83281 -2.11277 1
-2.84361 -2.11907 1
-2.85441 -2.12536 1
-2.86522 -2.13163 1
-2.87604 -2.13788 1
-2.88688 -2.14411 1
-2.89773 -2.15032 1
-2.90859 -2.1565 1
-2.91947 -2.16267 1
-2.93035 -2.16882 1
-2.94124 -2.17496 1
-2.95213 -2.18109 1
-2.96303 -2.18721 1
-2.97394 -2.19332 1
-2.98484 -2.19942 1
-2.99576 -2.20552 1
-3.00668 -2.2116 1
-3.0176 -2.21769 1
-3.02852 -2.22377 1
-3.03944 -2.22984 1
-3.05037 -2.23591 1
-3.06133 -2.24192 1
-3.07231 -2.2479 1
-3.08337 -2.25372 1
-3.09451 -2.25938 1
-3.1057 -2.26497 1
-3.11689 -2.27054 1
-3.12808 -2.2761 1
-3.1393 -2.28162 1
-3.15053 -2.28711 1
-3.16176 -2.2926 1
-3.17299 -2.29808 1
-3.18422 -2.30356 1
-3.19547 -2.30902 1
-3.20672 -2.31448 1
-3.21796 -2.31993 1
-3.2292 -2.3254 1
-3.24045 -2.33085 1
-3.25171 -2.3363 1
-3.26296 -2.34174 1
-3.27421 -2.34719 1
-3.28546 -2.35264 1
-3.29671 -2.35809 1
-3.30796 -2.36354 1
-3.3192 -2.369 1
-3.33044 -2.37446 1
-3.34169 -2.37992 1
-3.35293 -2.38538 1
-3.36419 -2.39081 1
-3.37545 -2.39624 1
-3.38671 -2.40167 1
-3.39798 -2.40707 1
-3.40927 -2.41243 1
-3.42058 -2.41775 1
-3.43194 -2.42298 1
-3.44337 -2.42804 1
-3.45485 -2.433 1
-3.46634 -2.4379 1
-3.47785 -2.44279 1
-3.48935 -2.44769 1
-3.50085 -2.45257 1
-3.51233 -2.45752 1
-3.52381 -2.46248 1
-3.53529 -2.46742 1
-3.54677 -2.47235 1
-3.55829 -2.47722 1
-3.56987 -2.48193 1
-3.58153 -2.48643 1
-3.59329 -2.49065 1
-3.60517 -2.49456 1
-3.61714 -2.49814 1
-3.62918 -2.50151 1
-3.6412 -2.50494 1
-3.65319 -2.50847 1
-3.66513 -2.51218 1
-3.67698 -2.51616 1
-3.6887 -2.52051 1
-3.70031 -2.52514 1
-3.71189 -2.52984 1
-3.72345 -2.53458 1
-3.73502 -2.53933 1
-3.74659 -2.54405 1
-3.75818 -2.54874 1
-3.76984 -2.55323 1
-3.78161 -2.55744 1
-3.79349 -2.56134 1
-3.80546 -2.56495 1
-3.81752 -2.56824 1
-3.82963 -2.57133 1
-3.84174 -2.57445 1
-3.8537 -2.57806 1
-3.86556 -2.58203 1
-3.87735 -2.58617 1
-3.88914 -2.59032 1
-3.90097 -2.59436 1
-3.91286 -2.5982 1
-3.92478 -2.60197 1
-3.93664 -2.60592 1
-3.94842 -2.61012 1
-3.96006 -2.61467 1
-3.97152 -2.61965 1
-3.98274 -2.62517 1
-3.99399 -2.63062 1
-4.00526 -2.63603 1
-4.0165 -2.64148 1
-4.02771 -2.64702 1
-4.03887 -2.65264 1
-4.04993 -2.65847 1
-4.06103 -2.66422 1
-4.07216 -2.66992 1
-4.08332 -2.67556 1
-4.09447 -2.68121 1
-4.10557 -2.68695 1
-4.11656 -2.6929 1
-4.12743 -2.69907 1
-4.13849 -2.70489 1
-4.14966 -2.7105 1
-4.16093 -2.71591 1
-4.17231 -2.72109 1
-4.18378 -2.72606 1
-4.19528 -2.73096 1
-4.20678 -2.73586 1
-4.21826 -2.7408 1
-4.2297 -2.74583 1
-4.2411 -2.75096 1
-4.25249 -2.75612 1
-4.26386 -2.76131 1
-4.27521 -2.76655 1
-4.28653 -2.77185 1
-4.29783 -2.7772 1
-4.30909 -2.78262 1
-4.32032 -2.78811 1
-4.3315 -2.7937 1
-4.34262 -2.79942 1
-4.35368 -2.80523 1
-4.3647 -2.81113 1
-4.37567 -2.81713 1
-4.38658 -2.82322 1
-4.39744 -2.82941 1
-4.40825 -2.8357 1
-4.419 -2.84207 1
-4.42969 -2.84855 1
-4.44032 -2.85512 1
-4.4509 -2.86178 1
-4.46143 -2.86853 1
-4.47188 -2.87538 1
-4.48228 -2.88232 1
-4.49262 -2.88934 1
-4.5029 -2.89645 1
-4.5131 -2.90367 1
-4.52322 -2.91101 1
-4.53326 -2.91846 1
-4.54322 -2.92602 1
-4.55306 -2.93372 1
-4.56282 -2.94153 1
-4.5725 -2.94944 1
-4.58207 -2.95748 1
-4.59152 -2.96566 1
-4.60088 -2.97394 1
-4.61012 -2.98236 1
-4.61924 -2.99091 1
-4.62825 -2.99958 1
-4.63713 -3.00837 1
-4.64589 -3.01729 1
-4.65452 -3.02634 1
-4.663 -3.03552 1
-4.67135 -3.04483 1
-4.67954 -3.05426 1
-4.68759 -3.06383 1
-4.69549 -3.07351 1
-4.70323 -3.08333 1
-4.71081 -3.09327 1
-4.71824 -3.10332 1
-4.7255 -3.1135 1
-4.73259 -3.12379 1
-4.73952 -3.1342 1
-4.74627 -3.14472 1
-4.75285 -3.15535 1
-4.75926 -3.16607 1
-4.76549 -3.17691 1
-4.77153 -3.18785 1
-4.77741 -3.19889 1
-4.78311 -3.21001 1
-4.78863 -3.22123 1
-4.79397 -3.23253 1
-4.79914 -3.24391 1
-4.80413 -3.25537 1
-4.80892 -3.26691 1
-4.81352 -3.27854 1
-4.81794 -3.29023 1
-4.82219 -3.30199 1
-4.82625 -3.31381 1
-4.83015 -3.32568 1
-4.83387 -3.33762 1
-4.83738 -3.34961 1
-4.84071 -3.36166 1
-4.84383 -3.37377 1
-4.84675 -3.38592 1
-4.84947 -3.39812 1
-4.85199 -3.41037 1
-4.85434 -3.42264 1
-4.85656 -3.43494 1
-4.85867 -3.44726 1
-4.86064 -3.45961 1
-4.86247 -3.47197 1
-4.86418 -3.48436 1
-4.86575 -3.49676 1
-4.86722 -3.50917 1
-4.86857 -3.5216 1
-4.86983 -3.53403 1
-4.871 -3.54648 1
-4.87207 -3.55893 1
-4.87305 -3.57139 1
-4.87395 -3.58386 1
-4.87475 -3.59634 1
-4.87547 -3.60882 1
-4.87611 -3.6213 1
-4.87667 -3.63379 1
-4.87714 -3.64628 1
-4.87756 -3.65877 1
-4.87791 -3.67127 1
-4.87822 -3.68376 1
-4.87848 -3.69626 1
-4.87871 -3.70876 1
-4.8789 -3.72126 1
-4.87904 -3.73376 1
-4.87911 -3.74625 1
-4.87911 -3.75875 1
-4.87904 -3.77125 1
-4.87888 -3.78375 1
-4.87863 -3.79625 1
-4.87834 -3.80875 1
-4.87802 -3.82124 1
-4.8777 -3.83374 1
-4.87741 -3.84624 1
-4.87712 -3.85873 1
-4.87685 -3.87123 1
-4.87663 -3.88373 1
-4.87648 -3.89623 1
-4.8746 -3.90859 1
-4.87266 -3.92093 1
-4.87062 -3.93327 1
-4.86846 -3.94558 1
-4.86625 -3.95788 1
-4.86401 -3.97018 1
-4.86182 -3.98248 1
-4.85968 -3.9948 1
-4.8576 -4.00713 1
-4.85559 -4.01946 1
-4.85364 -4.03181 1
-4.85175 -4.04417 1
-4.84904 -4.05637 1
-4.84644 -4.0686 1
-4.8439 -4.08084 1
-4.84138 -4.09308 1
-4.83885 -4.10532 1
-4.83628 -4.11755 1
-4.83371 -4.12979 1
-4.83116 -4.14202 1
-4.82861 -4.15426 1
-4.82607 -4.1665 1
-4.82354 -4.17874 1
-4.82118 -4.19102 1
-4.81896 -4.20332 1
-4.81691 -4.21565 1
-4.81499 -4.228 1
-4.81317 -4.24037 1
-4.81144 -4.25275 1
-4.8098 -4.26514 1
-4.80825 -4.27754 1
-4.80676 -4.28995 1
-4.80535 -4.30237 1
-4.80402 -4.3148 1
-4.80277 -4.32724 1
-4.80161 -4.33968 1
-4.80053 -4.35214 1
-4.79955 -4.3646 1
-4.79866 -4.37707 1
-4.79787 -4.38954 1
-4.79717 -4.40202 1
-4.79657 -4.41451 1
-4.79608 -4.427 1
-4.79567 -4.43949 1
-4.79535 -4.45199 1
-4.79512 -4.46449 1
-4.79498 -4.47699 1
-4.79493 -4.48949 1
-4.79496 -4.50199 1
-4.79508 -4.51449 1
-4.79528 -4.52698 1
-4.79557 -4.53948 1
-4.79596 -4.55197 1
-4.79643 -4.56447 1
-4.79699 -4.57695 1
-4.79764 -4.58944 1
-4.79838 -4.60191 1
-4.79923 -4.61439 1
-4.80017 -4.62685 1
-4.8012 -4.63931 1
-4.80231 -4.65176 1
-4.80346 -4.6642 1
-4.80469 -4.67664 1
-4.80599 -4.68908 1
-4.8074 -4.7015 1
-4.80888 -4.71391 1
-4.81046 -4.72631 1
-4.81215 -4.73869 1
-4.81395 -4.75106 1
-4.81589 -4.76341 1
-4.81798 -4.77574 1
-4.82025 -4.78803 1
-4.82275 -4.80028 1
-4.82541 -4.81249 1
-4.82807 -4.8247 1
-4.83067 -4.83693 1
-4.83321 -4.84917 1
-4.83568 -4.86142 1
-4.83808 -4.87369 1
-4.84045 -4.88596 1
-4.84276 -4.89825 1
-4.84502 -4.91054 1
-4.84723 -4.92284 1
-4.84937 -4.93516 1
-4.85144 -4.94749 1
-4.85347 -4.95982 1
-4.85547 -4.97216 1
-4.8574 -4.98451 1
-4.85926 -4.99687 1
-4.86103 -5.00925 1
-4.86271 -5.02163 1
-4.86434 -5.03403 1
-4.86591 -5.04643 1
-4.86741 -5.05884 1
-4.86883 -5.07126 1
-4.87016 -5.08368 1
-4.8714 -5.09612 1
-4.87254 -5.10857 1
-4.87359 -5.12103 1
-4.87455 -5.13349 1
-4.87544 -5.14596 1
-4.87626 -5.15843 1
-4.87703 -5.17091 1
-4.87774 -5.18339 1
-4.87841 -5.19587 1
-4.87903 -5.20835 1
-4.87957 -5.22084 1
-4.88007 -5.23333 1
-4.88055 -5.24582 1
-4.88101 -5.25831 1
-4.88146 -5.27081 1
-4.88191 -5.2833 1
-4.88235 -5.29579 1
-4.88279 -5.30828 1
-4.88325 -5.32077 1
-4.88369 -5.33327 1
-4.88409 -5.34576 1
-4.88445 -5.35825 1
-4.88474 -5.37075 1
-4.88498 -5.38325 1
-4.88518 -5.39575 1
-4.88536 -5.40825 1
-4.88555 -5.42074 1
-4.88576 -5.43324 1
-4.88598 -5.44574 1
-4.88623 -5.45824 1
-4.8865 -5.47074 1
-4.8868 -5.48323 1
-4.88715 -5.49573 1
-4.88753 -5.50822 1
-4.88797 -5.52071 1
-4.88846 -5.5332 1
-4.88903 -5.54569 1
-4.88967 -5.55817 1
-4.89041 -5.57065 1
-4.89123 -5.58313 1
-4.8921 -5.5956 1
-4.89302 -5.60806 1
-4.89398 -5.62052 1
-4.89497 -5.63299 1
-4.89601 -5.64544 1
-4.89705 -5.6579 1
-4.89808 -5.67036 1
-4.89908 -5.68282 1
-4.9 -5.69528 1
-4.90086 -5.70775 1
-4.90165 -5.72023 1
-4.90239 -5.73271 1
-4.90307 -5.74519 1
-4.9037 -5.75767 1
-4.90427 -5.77016 1
-4.90481 -5.78265 1
-4.90529 -5.79514 1
-4.90574 -5.80763 1
-4.90616 -5.82012 1
-4.90653 -5.83262 1
-4.90686 -5.84511 1
-4.90716 -5.85761 1
-4.90744 -5.87011 1
-4.90769 -5.8826 1
-4.90792 -5.8951 1
-4.90814 -5.9076 1
-4.90833 -5.9201 1
-4.90851 -5.9326 1
-4.90868 -5.94509 1
-4.90884 -5.95759 1
-4.90898 -5.97009 1
-4.90912 -5.98259 1
-4.90924 -5.99509 1
-4.90936 -6.00759 1
-4.90947 -6.02009 1
-4.90957 -6.03259 1
-4.90966 -6.04509 1
-4.90975 -6.05759 1
-4.90983 -6.07009 1
-4.90991 -6.08259 1
-4.90998 -6.09509 1
-4.91005 -6.10759 1
-4.91012 -6.12009 1
-4.91018 -6.13259 1
-4.91023 -6.14509 1
-4.91029 -6.15759 1
-4.91034 -6.17009 1
-4.91039 -6.18259 1
-4.91043 -6.19509 1
-4.91047 -6.20759 1
-4.91051 -6.22009 1
-4.91055 -6.23259 1
-4.91058 -6.24509 1
-4.91062 -6.25759 1
-4.91065 -6.27009 1
-4.91068 -6.28259 1
-4.91071 -6.29509 1
-4.91074 -6.30759 1
-4.91076 -6.32009 1
-4.91078 -6.33259 1
-4.91081 -6.34509 1
-4.91083 -6.35759 1
-4.91085 -6.37009 1
-4.91087 -6.38259 1
-4.91088 -6.39509 1
-4.9109 -6.40759 1
-4.91092 -6.42009 1
-4.91093 -6.43259 1
-4.91095 -6.44509 1
-4.91096 -6.45759 1
-4.91097 -6.47009 1
-4.91099 -6.48259 1
-4.911 -6.49509 1
-4.91101 -6.50759 1
-4.91102 -6.52009 1
-4.91103 -6.53259 1
-4.91104 -6.54509 1
-4.91105 -6.55759 1
-4.91107 -6.57009 1
-4.91108 -6.58259 1
-4.91109 -6.59509 1
-4.9111 -6.60759 1
-4.91111 -6.62009 1
-4.91112 -6.63259 1
-4.91113 -6.64509 1
-4.91113 -6.65759 1
-4.91114 -6.67009 1
-4.91115 -6.68259 1
-4.91116 -6.69509 1
-4.91118 -6.70759 1
-4.91119 -6.72009 1
-4.9112 -6.73259 1
-4.91121 -6.74509 1
-4.91123 -6.75759 1
-4.91124 -6.77009 1
-4.91126 -6.78259 1
-4.91128 -6.79509 1
-4.9113 -6.80759 1
-4.91132 -6.82009 1
-4.91134 -6.83259 1
-4.91137 -6.84509 1
-4.91139 -6.85759 1
-4.91142 -6.87009 1
-4.91146 -6.88259 1
-4.91149 -6.89509 1
-4.91154 -6.90759 1
-4.91158 -6.92009 1
-4.91163 -6.93259 1
-4.91169 -6.94509 1
-4.91175 -6.95759 1
-4.91182 -6.97009 1
-4.9119 -6.98259 1
-4.91199 -6.99509 1
-4.91209 -7.00759 1
-4.91221 -7.02009 1
-4.91233 -7.03258 1
-4.91248 -7.04508 1
-4.91264 -7.05758 1
-4.91282 -7.07008 1
-4.91302 -7.08258 1
-4.91324 -7.09508 1
-4.9135 -7.10757 1
-4.91378 -7.12007 1
-4.9141 -7.13257 1
-4.91446 -7.14506 1
-4.91486 -7.15756 1
-4.91531 -7.17005 1
-4.91576 -7.18254 1
-4.91617 -7.19503 1
-4.91656 -7.20753 1
-4.91691 -7.22002 1
-4.91722 -7.23252 1
-4.91749 -7.24502 1
-4.9177 -7.25751 1
-4.91783 -7.27001 1
-4.91794 -7.28251 1
-4.91807 -7.29501 1
-4.9182 -7.30751 1
-4.91835 -7.32001 1
-4.91852 -7.33251 1
-4.9187 -7.34501 1
-4.9189 -7.35751 1
-4.91912 -7.37 1
-4.91937 -7.3825 1
-4.91964 -7.395 1
-4.91994 -7.4075 1
-4.92027 -7.41999 1
-4.92063 -7.43249 1
-4.92101 -7.44498 1
-4.92135 -7.45748 1
-4.92161 -7.46997 1
-4.92178 -7.48247 1
-4.92185 -7.49497 1
-4.92182 -7.50747 1
-4.92168 -7.51997 1
-4.92148 -7.53247 1
-4.92128 -7.54497 1
-4.92105 -7.55747 1
-4.92081 -7.56996 1
-4.92055 -7.58246 1
-4.92027 -7.59496 1
-4.91996 -7.60745 1
-4.91964 -7.61995 1
-4.91928 -7.63244 1
-4.9189 -7.64494 1
-4.91848 -7.65743 1
-4.91804 -7.66992 1
-4.91755 -7.68241 1
-4.91702 -7.6949 1
-4.91639 -7.70739 1
-4.91561 -7.71986 1
-4.91468 -7.73233 1
-4.91356 -7.74478 1
-4.91227 -7.75721 1
-4.91081 -7.76963 1
-4.9092 -7.78202 1
-4.90745 -7.7944 1
-4.90553 -7.80675 1
-4.90346 -7.81908 1
-4.90124 -7.83138 1
-4.89863 -7.8436 1
-4.89585 -7.85579 1
-4.89291 -7.86794 1
-4.88977 -7.88004 1
-4.8864 -7.89207 1
-4.88282 -7.90405 1
-4.87908 -7.91598 1
-4.87516 -7.92785 1
-4.87099 -7.93963 1
-4.86662 -7.95134 1
-4.862 -7.96296 1
-4.85714 -7.97448 1
-4.85212 -7.98592 1
-4.84693 -7.99729 1
-4.8415 -8.00856 1
-4.83586 -8.01971 1
-4.83006 -8.03078 1
-4.82411 -8.04177 1
-4.81794 -8.05264 1
-4.81162 -8.06343 1
-4.80514 -8.07412 1
-4.79851 -8.08472 1
-4.79168 -8.09518 1
-4.7847 -8.10556 1
-4.77761 -8.11585 1
-4.77035 -8.12603 1
-4.76294 -8.13609 1
-4.75538 -8.14605 1
-4.74777 -8.15596 1
-4.73996 -8.16573 1
-4.73198 -8.17535 1
-4.72392 -8.1849 1
-4.71569 -8.19431 1
-4.7073 -8.20358 1
-4.69873 -8.21268 1
-4.69003 -8.22164 1
-4.68119 -8.23049 1
-4.67214 -8.23911 1
-4.66297 -8.2476 1
-4.65369 -8.25597 1
-4.64425 -8.26417 1
-4.63468 -8.27221 1
-4.62498 -8.2801 1
-4.61516 -8.28783 1
-4.60522 -8.29541 1
-4.59514 -8.30281 1
-4.58497 -8.31007 1
-4.57473 -8.31723 1
-4.56432 -8.32416 1
-4.55381 -8.33092 1
-4.54317 -8.33748 1
-4.53241 -8.34386 1
-4.52155 -8.35003 1
-4.51059 -8.35605 1
-4.49956 -8.36193 1
-4.48842 -8.3676 1
-4.47719 -8.37309 1
-4.46594 -8.37854 1
-4.45457 -8.38373 1
-4.4431 -8.3887 1
-4.43155 -8.39347 1
-4.41989 -8.398 1
-4.40818 -8.40237 1
-4.39639 -8.40651 1
-4.38453 -8.41047 1
-4.37261 -8.41422 1
-4.36064 -8.41781 1
-4.34859 -8.42113 1
-4.33649 -8.4243 1
-4.32436 -8.42732 1
-4.3122 -8.43021 1
-4.30001 -8.43297 1
-4.28778 -8.43553 1
-4.27551 -8.43796 1
-4.26323 -8.44027 1
-4.25093 -8.44248 1
-4.23861 -8.44459 1
-4.22627 -8.44658 1
-4.21391 -8.44846 1
-4.20153 -8.45023 1
-4.18915 -8.45192 1
-4.17675 -8.45354 1
-4.16435 -8.45509 1
-4.15194 -8.45656 1
-4.13951 -8.45795 1
-4.12708 -8.45928 1
-4.11465 -8.46053 1
-4.1022 -8.46172 1
-4.08976 -8.46284 1
-4.0773 -8.46391 1
-4.06484 -8.46492 1
-4.05238 -8.46587 1
-4.03991 -8.46674 1
-4.02743 -8.46756 1
-4.01496 -8.4683 1
-4.00248 -8.46899 1
-3.98999 -8.46961 1
-3.9775 -8.47018 1
-3.96501 -8.47069 1
-3.95252 -8.47116 1
-3.94003 -8.47157 1
-3.92754 -8.47195 1
-3.91504 -8.47228 1
-3.90254 -8.47258 1
-3.89005 -8.47283 1
-3.87755 -8.47307 1
-3.86505 -8.47326 1
-3.85255 -8.47344 1
-3.84005 -8.47358 1
-3.82755 -8.4737 1
-3.81505 -8.47379 1
-3.80255 -8.47385 1
-3.79005 -8.47386 1
-3.77755 -8.47384 1
-3.76505 -8.47384 1
-3.75255 -8.4738 1
-3.74005 -8.47365 1
-3.72756 -8.47348 1
-3.71506 -8.47324 1
-3.70256 -8.473 1
-3.69006 -8.47271 1
-3.67757 -8.47245 1
-3.66507 -8.47223 1
-3.65257 -8.47207 1
-3.64007 -8.47199 1
-3.62757 -8.47199 1
-3.61507 -8.47201 1
-3.60257 -8.47219 1
-3.59008 -8.47256 1
-3.57759 -8.47318 1
-3.56513 -8.47413 1
-3.5527 -8.47548 1
-3.54088 -8.47141 1
-3.52881 -8.46818 1
-3.51641 -8.46659 1
-3.50399 -8.46519 1
-3.4915 -8.46458 1
-3.47902 -8.46387 1
-3.46656 -8.46293 1
-3.45409 -8.46198 1
-3.44163 -8.46099 1
-3.42917 -8.46001 1
-3.41671 -8.45904 1
-3.40424 -8.45808 1
-3.39178 -8.45713 1
-3.37932 -8.45619 1
-3.36685 -8.45524 1
-3.35439 -8.45432 1
-3.34192 -8.45341 1
-3.32945 -8.45254 1
-3.31698 -8.45169 1
-3.30472 -8.44927 1
-3.29245 -8.44688 1
-3.28018 -8.44449 1
-3.26791 -8.44209 1
-3.25564 -8.43971 1
-3.24336 -8.43735 1
-3.23108 -8.43502 1
-3.21879 -8.43272 1
-3.2065 -8.43044 1
-3.19421 -8.42819 1
-3.18191 -8.42597 1
-3.16954 -8.42418 1
-3.15716 -8.42245 1
-3.14477 -8.42078 1
-3.13237 -8.41917 1
-3.11997 -8.41762 1
-3.10756 -8.41614 1
-3.09514 -8.41471 1
-3.08271 -8.41335 1
-3.07028 -8.41205 1
-3.05784 -8.4108 1
-3.0454 -8.40962 1
-3.03295 -8.4085 1
-3.0205 -8.40742 1
-3.00804 -8.4064 1
-2.99558 -8.40543 1
-2.98311 -8.4045 1
-2.97064 -8.40363 1
-2.95817 -8.40281 1
-2.94569 -8.40205 1
-2.93321 -8.40133 1
-2.92073 -8.40068 1
-2.90824 -8.40008 1
-2.89575 -8.39955 1
-2.88326 -8.39909 1
-2.87077 -8.3987 1
-2.85827 -8.39839 1
-2.84577 -8.39817 1
-2.83327 -8.39806 1
-2.82077 -8.39806 1
-2.80828 -8.39819 1
-2.79584 -8.39946 1
-2.78338 -8.40048 1
-2.77089 -8.40014 1
-2.75839 -8.3999 1
-2.74589 -8.39967 1
-2.73339 -8.3996 1
-2.72089 -8.39976 1
-2.7084 -8.4001 1
-2.69591 -8.40076 1
-2.68344 -8.40155 1
-2.67108 -8.40339 1
-2.65867 -8.40492 1
-2.64623 -8.40617 1
-2.63378 -8.40727 1
-2.62129 -8.40782 1
-2.60881 -8.40842 1
-2.59633 -8.40911 1
-2.58385 -8.40982 1
-2.57137 -8.41056 1
-2.55889 -8.41136 1
-2.54643 -8.41233 1
-2.53398 -8.41337 1
-2.52154 -8.41463 1
-2.50911 -8.41597 1
-2.4967 -8.41748 1
-2.48431 -8.41913 1
-2.47194 -8.42089 1
-2.4596 -8.42289 1
-2.44727 -8.42495 1
-2.43494 -8.42702 1
-2.42263 -8.42919 1
-2.41031 -8.43133 1
-2.398 -8.43348 1
-2.38568 -8.4356 1
-2.37335 -8.43761 1
-2.36101 -8.43961 1
-2.34868 -8.4417 1
-2.33635 -8.44374 1
-2.32402 -8.4458 1
-2.31168 -8.44781 1
-2.29931 -8.44961 1
-2.28694 -8.45137 1
-2.27456 -8.45311 1
-2.26218 -8.45481 1
-2.24979 -8.45649 1
-2.2374 -8.45815 1
-2.22501 -8.45979 1
-2.21262 -8.46148 1
-2.20023 -8.46313 1
-2.18784 -8.46474 1
-2.17544 -8.46633 1
-2.16304 -8.46789 1
-2.15063 -8.4694 1
-2.13821 -8.47087 1
-2.1258 -8.4723 1
-2.11338 -8.47372 1
-2.10095 -8.47509 1
-2.08852 -8.47636 1
-2.07607 -8.47756 1
-2.06363 -8.47868 1
-2.05117 -8.47975 1
-2.03871 -8.48078 1
-2.02625 -8.48177 1
-2.01379 -8.48275 1
-2.00133 -8.48372 1
-1.9889 -8.48501 1
-1.97645 -8.48615 1
-1.96396 -8.48674 1
-1.95147 -8.48731 1
-1.93899 -8.48784 1
-1.9265 -8.48836 1
-1.91401 -8.48884 1
-1.90152 -8.48933 1
-1.88903 -8.48989 1
-1.87654 -8.49044 1
-1.86405 -8.49102 1
-1.85157 -8.49158 1
-1.83908 -8.49215 1
-1.82659 -8.4927 1
-1.8141 -8.49324 1
-1.80161 -8.49376 1
-1.78912 -8.49427 1
-1.77663 -8.49477 1
-1.76414 -8.49526 1
-1.75165 -8.49575 1
-1.73916 -8.49622 1
-1.72667 -8.49669 1
-1.71418 -8.49715 1
-1.70169 -8.4976 1
-1.68919 -8.49803 1
-1.6767 -8.49845 1
-1.66421 -8.49884 1
-1.65171 -8.49921 1
-1.63922 -8.49955 1
-1.62672 -8.49984 1
-1.61422 -8.50007 1
-1.60172 -8.50022 1
-1.58922 -8.50028 1
-1.57672 -8.50022 1
-1.56426 -8.49922 1
-1.55179 -8.49847 1
-1.53929 -8.4988 1
-1.5268 -8.49913 1
-1.5143 -8.49946 1
-1.5018 -8.49974 1
-1.48931 -8.49997 1
-1.47681 -8.50014 1
-1.46431 -8.50021 1
-1.45181 -8.50016 1
-1.43935 -8.49916 1
-1.42687 -8.4984 1
-1.41437 -8.4987 1
-1.40188 -8.499 1
-1.38938 -8.4993 1
-1.37688 -8.49954 1
-1.36438 -8.49973 1
-1.35189 -8.49984 1
-1.33939 -8.49985 1
-1.32689 -8.49971 1
-1.31443 -8.49861 1
-1.30197 -8.49768 1
-1.28948 -8.4971 1
-1.27699 -8.49664 1
-1.26449 -8.49689 1
-1.252 -8.49717 1
-1.2395 -8.49751 1
-1.22701 -8.49785 1
-1.21451 -8.49819 1
-1.20201 -8.49851 1
-1.18952 -8.49881 1
-1.17702 -8.49906 1
-1.16452 -8.49927 1
-1.15202 -8.49939 1
-1.13952 -8.49942 1
-1.12702 -8.49932 1
-1.11457 -8.4983 1
-1.10209 -8.49744 1
-1.08961 -8.49689 1
-1.07711 -8.49646 1
-1.06462 -8.49673 1
-1.05212 -8.49703 1
-1.03963 -8.49738 1
-1.02713 -8.49775 1
-1.01464 -8.49812 1
-1.00214 -8.49848 1
-0.989647 -8.49884 1
-0.977151 -8.49917 1
-0.964654 -8.49947 1
-0.952157 -8.49973 1
-0.939659 -8.49992 1
-0.927159 -8.50003 1
-0.914659 -8.50003 1
-0.90216 -8.49989 1
-0.889712 -8.49876 1
-0.877247 -8.49782 1
-0.86476 -8.49725 1
-0.852266 -8.49686 1
-0.839773 -8.4973 1
-0.827284 -8.49781 1
-0.814802 -8.4985 1
-0.802323 -8.49921 1
-0.789844 -8.49994 1
-0.777366 -8.50069 1
-0.764895 -8.50153 1
-0.752421 -8.50233 1
-0.739942 -8.50305 1
-0.727457 -8.50367 1
-0.714965 -8.50411 1
-0.702468 -8.50439 1
-0.689989 -8.50365 1
-0.677499 -8.50317 1
-0.665018 -8.50385 1
-0.652532 -8.50445 1
-0.640037 -8.50479 1
-0.627539 -8.50504 1
-0.61504 -8.50519 1
-0.60254 -8.50519 1
-0.590044 -8.50487 1
-0.577552 -8.50443 1
-0.565135 -8.50299 1
-0.552685 -8.50188 1
-0.540185 -8.50199 1
-0.529667 -8.49523 1
-0.518641 -8.48935 1
-0.507625 -8.48344 1
-0.496633 -8.47749 1
-0.484919 -8.47312 1
-0.473311 -8.46849 1
-0.461719 -8.46381 1
-0.450155 -8.45906 1
-0.438654 -8.45417 1
-0.427225 -8.44911 1
-0.41598 -8.44365 1
-0.404767 -8.43812 1
-0.39368 -8.43235 1
-0.382606 -8.42655 1
-0.371793 -8.42028 1
-0.360979 -8.41401 1
-0.350188 -8.4077 1
-0.33944 -8.40132 1
-0.328884 -8.39462 1
-0.31842 -8.38779 1
-0.307989 -8.3809 1
-0.297648 -8.37388 1
-0.287361 -8.36677 1
-0.277136 -8.35958 1
-0.266921 -8.35238 1
-0.256833 -8.345 1
-0.246706 -8.33767 1
-0.23672 -8.33015 1
-0.226844 -8.32249 1
-0.216939 -8.31486 1
-0.207194 -8.30704 1
-0.197351 -8.29933 1
-0.187694 -8.29139 1
-0.178203 -8.28326 1
-0.168776 -8.27505 1
-0.159412 -8.26677 1
-0.150213 -8.25831 1
-0.140993 -8.24987 1
-0.131949 -8.24124 1
-0.122987 -8.23252 1
-0.114114 -8.22372 1
-0.105407 -8.21475 1
-0.0968634 -8.20563 1
-0.0883597 -8.19646 1
-0.0800108 -8.18716 1
-0.0719999 -8.17757 1
-0.0639334 -8.16802 1
-0.0559591 -8.15839 1
-0.0482634 -8.14854 1
-0.0405844 -8.13868 1
-0.0329367 -8.12879 1
-0.0253241 -8.11888 1
-0.0179533 -8.10878 1
-0.0105993 -8.09867 1
-0.00323926 -8.08857 1
0.00407962 -8.07844 1
0.011239 -8.06819 1
0.0184282 -8.05796 1
0.025696 -8.04779 1
0.0329317 -8.0376 1
0.0401483 -8.02739 1
0.0473276 -8.01716 1
0.0545938 -8.00699 1
0.0619631 -7.99689 1
0.0693102 -7.98678 1
0.0765901 -7.97662 1
0.0839258 -7.9665 1
0.0913263 -7.95642 1
0.0988741 -7.94646 1
0.106305 -7.93641 1
0.113869 -7.92646 1
0.121702 -7.91672 1
0.129348 -7.90683 1
0.137153 -7.89706 1
0.14504 -7.88737 1
0.152854 -7.87761 1
0.160726 -7.8679 1
0.168755 -7.85832 1
0.176713 -7.84868 1
0.184849 -7.83919 1
0.193141 -7.82983 1
0.201389 -7.82044 1
0.209805 -7.8112 1
0.218371 -7.8021 1
0.226904 -7.79296 1
0.235608 -7.78399 1
0.24446 -7.77517 1
0.25332 -7.76635 1
0.262339 -7.75769 1
0.271417 -7.7491 1
0.280582 -7.7406 1
0.289903 -7.73227 1
0.299291 -7.72402 1
0.308748 -7.71584 1
0.318359 -7.70785 1
0.327938 -7.69982 1
0.337683 -7.69199 1
0.347576 -7.68435 1
0.357581 -7.67686 1
0.367601 -7.66939 1
0.3777 -7.66202 1
0.387959 -7.65488 1
0.398246 -7.64778 1
0.408585 -7.64075 1
0.419083 -7.63396 1
0.429738 -7.62743 1
0.440358 -7.62084 1
0.45109 -7.61443 1
0.461942 -7.60822 1
0.472901 -7.60221 1
0.48388 -7.59623 1
0.494962 -7.59045 1
0.505973 -7.58454 1
0.517167 -7.57897 1
0.528426 -7.57354 1
0.539805 -7.56837 1
0.551334 -7.56354 1
0.56293 -7.55887 1
0.57459 -7.55437 1
0.586353 -7.55014 1
0.598204 -7.54616 1
0.610126 -7.5424 1
0.622087 -7.53877 1
0.63407 -7.53522 1
0.646095 -7.53181 1
0.658211 -7.52873 1
0.670329 -7.52567 1
0.682529 -7.52294 1
0.69476 -7.52036 1
0.707007 -7.51786 1
0.719292 -7.51555 1
0.731633 -7.51357 1
0.743993 -7.51169 1
0.75638 -7.51002 1
0.768776 -7.50842 1
0.781211 -7.50714 1
0.79364 -7.50581 1
0.806052 -7.50433 1
0.818468 -7.50288 1
0.830879 -7.50139 1
0.843212 -7.49935 1
0.855557 -7.49739 1
0.867912 -7.4955 1
0.88028 -7.49368 1
0.892655 -7.49191 1
0.904997 -7.48994 1
0.917371 -7.48817 1
0.929762 -7.48652 1
0.942175 -7.48505 1
0.954613 -7.4838 1
0.967061 -7.48266 1
0.979509 -7.48152 1
0.991968 -7.48052 1
1.00445 -7.47989 1
1.01694 -7.4793 1
1.02943 -7.47878 1
1.04192 -7.47833 1
1.05441 -7.47793 1
1.06691 -7.47765 1
1.07941 -7.47755 1
1.09191 -7.4776 1
1.10441 -7.47775 1
1.11637 -7.47414 1
1.12772 -7.46889 1
1.13933 -7.46426 1
1.1514 -7.461 1
1.16342 -7.45758 1
1.17557 -7.45463 1
1.18684 -7.44923 1
1.1981 -7.4438 1
1.20945 -7.43856 1
1.22074 -7.43321 1
1.23203 -7.42784 1
1.24369 -7.42334 1
1.25544 -7.41906 1
1.26711 -7.41459 1
1.27866 -7.40981 1
1.29016 -7.40491 1
1.3016 -7.39987 1
1.31294 -7.3946 1
1.32417 -7.38911 1
1.33524 -7.38331 1
1.34625 -7.37739 1
1.35713 -7.37124 1
1.36793 -7.36494 1
1.37852 -7.3583 1
1.38907 -7.35161 1
1.3996 -7.34486 1
1.40989 -7.33777 1
1.42012 -7.33059 1
1.43018 -7.32317 1
1.44017 -7.31566 1
1.45007 -7.30802 1
1.45986 -7.30025 1
1.46952 -7.29232 1
1.4791 -7.28429 1
1.48856 -7.27611 1
1.49785 -7.26775 1
1.50707 -7.25931 1
1.51616 -7.25073 1
1.52512 -7.24201 1
1.53394 -7.23315 1
1.54245 -7.224 1
1.55096 -7.21484 1
1.55932 -7.20555 1
1.56739 -7.19601 1
1.57542 -7.18643 1
1.5833 -7.17672 1
1.59088 -7.16678 1
1.59837 -7.15678 1
1.60549 -7.1465 1
1.61255 -7.13619 1
1.61952 -7.12581 1
1.62605 -7.11515 1
1.63252 -7.10446 1
1.63881 -7.09366 1
1.64503 -7.08281 1
1.65069 -7.07167 1
1.65632 -7.06051 1
1.66185 -7.0493 1
1.66732 -7.03806 1
1.67269 -7.02677 1
1.67724 -7.01513 1
1.68178 -7.00348 1
1.68624 -6.9918 1
1.69067 -6.98012 1
1.69513 -6.96844 1
1.69944 -6.9567 1
1.70323 -6.94479 1
1.70688 -6.93284 1
1.71042 -6.92085 1
1.71382 -6.90882 1
1.71707 -6.89675 1
1.72019 -6.88464 1
1.72325 -6.87252 1
1.72619 -6.86037 1
1.72892 -6.84818 1
1.7315 -6.83595 1
1.73381 -6.82366 1
1.73601 -6.81136 1
1.73798 -6.79901 1
1.73988 -6.78666 1
1.74165 -6.77428 1
1.74337 -6.7619 1
1.74515 -6.74953 1
1.74683 -6.73714 1
1.74848 -6.72475 1
1.74999 -6.71234 1
1.75198 -6.7 1
1.75395 -6.68766 1
1.75581 -6.6753 1
1.75751 -6.66291 1
1.75912 -6.65052 1
1.76062 -6.63811 1
1.76206 -6.62569 1
1.76341 -6.61327 1
1.76473 -6.60084 1
1.76599 -6.5884 1
1.76723 -6.57596 1
1.76852 -6.56353 1
1.76974 -6.55109 1
1.77093 -6.53864 1
1.77203 -6.52619 1
1.77301 -6.51373 1
1.77392 -6.50126 1
1.77468 -6.48879 1
1.7754 -6.47631 1
1.77603 -6.46382 1
1.77662 -6.45134 1
1.77714 -6.43885 1
1.77762 -6.42636 1
1.77803 -6.41386 1
1.77841 -6.40137 1
1.77873 -6.38887 1
1.77901 -6.37638 1
1.77924 -6.36388 1
1.77944 -6.35138 1
1.77958 -6.33888 1
1.77968 -6.32638 1
1.77973 -6.31388 1
1.77974 -6.30138 1
1.77969 -6.28888 1
1.77959 -6.27638 1
1.77943 -6.26388 1
1.7792 -6.25139 1
1.77889 -6.23889 1
1.77851 -6.2264 1
1.77803 -6.21391 1
1.77745 -6.20142 1
1.77676 -6.18894 1
1.77594 -6.17647 1
1.77496 -6.164 1
1.77523 -6.15151 1
1.7755 -6.13901 1
1.77577 -6.12651 1
1.77604 -6.11401 1
1.77631 -6.10152 1
1.77659 -6.08902 1
1.77687 -6.07652 1
1.77716 -6.06403 1
1.77746 -6.05153 1
1.77777 -6.03903 1
1.77809 -6.02654 1
1.77843 -6.01404 1
1.77879 -6.00155 1
1.77916 -5.98905 1
1.77956 -5.97656 1
1.77998 -5.96407 1
1.78043 -5.95158 1
1.78091 -5.93908 1
1.78142 -5.9266 1
1.78197 -5.91411 1
1.78256 -5.90162 1
1.7832 -5.88914 1
1.78388 -5.87666 1
1.78462 -5.86418 1
1.78542 -5.8517 1
1.78629 -5.83923 1
1.78723 -5.82677 1
1.78823 -5.81431 1
1.78933 -5.80186 1
1.79076 -5.78944 1
1.79215 -5.77702 1
1.79361 -5.7646 1
1.79498 -5.75218 1
1.79621 -5.73974 1
1.79737 -5.72729 1
1.79844 -5.71484 1
1.79946 -5.70238 1
1.80039 -5.68992 1
1.80126 -5.67745 1
1.80206 -5.66497 1
1.80279 -5.65249 1
1.80345 -5.64001 1
1.80405 -5.62752 1
1.80457 -5.61504 1
1.80503 -5.60254 1
1.80531 -5.59005 1
1.80558 -5.57755 1
1.80581 -5.56505 1
1.80602 -5.55255 1
1.80621 -5.54005 1
1.80638 -5.52756 1
1.80652 -5.51506 1
1.80665 -5.50256 1
1.80675 -5.49006 1
1.80684 -5.47756 1
1.80689 -5.46506 1
1.80693 -5.45256 1
1.80694 -5.44006 1
1.80693 -5.42756 1
1.80688 -5.41506 1
1.80681 -5.40256 1
1.80671 -5.39006 1
1.80657 -5.37756 1
1.80638 -5.36506 1
1.80615 -5.35256 1
1.80587 -5.34007 1
1.80554 -5.32757 1
1.80513 -5.31508 1
1.80466 -5.30259 1
1.8041 -5.2901 1
1.80345 -5.27762 1
1.80261 -5.26514 1
1.80169 -5.25268 1
1.80063 -5.24022 1
1.79949 -5.22777 1
1.79831 -5.21533 1
1.79703 -5.2029 1
1.79558 -5.19048 1
1.79402 -5.17808 1
1.79237 -5.16569 1
1.79051 -5.15333 1
1.78839 -5.14101 1
1.78599 -5.12874 1
1.78319 -5.11656 1
1.78004 -5.10446 1
1.77638 -5.09251 1
1.77251 -5.08062 1
1.76838 -5.06882 1
1.76416 -5.05706 1
1.75972 -5.04538 1
1.7551 -5.03376 1
1.7502 -5.02226 1
1.74521 -5.0108 1
1.74006 -4.99941 1
1.73475 -4.98809 1
1.72927 -4.97686 1
1.72362 -4.96571 1
1.71783 -4.95463 1
1.71182 -4.94367 1
1.70563 -4.93281 1
1.69936 -4.922 1
1.69293 -4.91128 1
1.68635 -4.90065 1
1.67964 -4.8901 1
1.67277 -4.87966 1
1.66574 -4.86933 1
1.65854 -4.85911 1
1.6513 -4.84892 1
1.64387 -4.83886 1
1.63628 -4.82893 1
1.62858 -4.81908 1
1.62072 -4.80936 1
1.61274 -4.79975 1
1.60458 -4.79027 1
1.59629 -4.78092 1
1.58791 -4.77164 1
1.57937 -4.76252 1
1.57067 -4.75354 1
1.56188 -4.74465 1
1.55292 -4.73594 1
1.54381 -4.72738 1
1.53459 -4.71894 1
1.5252 -4.71068 1
1.51568 -4.70259 1
1.50604 -4.69462 1
1.49625 -4.68686 1
1.48632 -4.67927 1
1.47632 -4.67177 1
1.46615 -4.66449 1
1.45584 -4.65743 1
1.44541 -4.65054 1
1.43484 -4.64387 1
1.42413 -4.63742 1
1.41331 -4.63117 1
1.40237 -4.62512 1
1.39132 -4.61927 1
1.38017 -4.61361 1
1.36895 -4.60811 1
1.35765 -4.60276 1
1.34619 -4.59778 1
1.33463 -4.59301 1
1.323 -4.58844 1
1.31128 -4.5841 1
1.29947 -4.57999 1
1.28763 -4.57599 1
1.27566 -4.5724 1
1.26365 -4.56891 1
1.25162 -4.56553 1
1.23954 -4.5623 1
1.22743 -4.55921 1
1.21528 -4.55628 1
1.20309 -4.55349 1
1.19088 -4.55085 1
1.17864 -4.54831 1
1.16637 -4.54591 1
1.15408 -4.54364 1
1.14177 -4.54149 1
1.12943 -4.53945 1
1.11708 -4.53751 1
1.10472 -4.53564 1
1.09235 -4.5339 1
1.07995 -4.53231 1
1.06753 -4.53088 1
1.05509 -4.52961 1
1.04264 -4.52852 1
1.03017 -4.52762 1
1.01769 -4.5269 1
1.00521 -4.52636 1
0.992711 -4.52605 1
0.980211 -4.526 1
0.967713 -4.52625 1
0.955289 -4.52488 1
0.942809 -4.52416 1
0.930312 -4.52388 1
0.917815 -4.52361 1
0.905329 -4.52302 1
0.892856 -4.52219 1
0.880396 -4.5212 1
0.867943 -4.52012 1
0.855493 -4.51899 1
0.843045 -4.51786 1
0.830596 -4.51673 1
0.818146 -4.51561 1
0.805698 -4.51447 1
0.793251 -4.51332 1
0.780805 -4.51216 1
0.76836 -4.51099 1
0.755916 -4.50981 1
0.743472 -4.50862 1
0.731032 -4.5074 1
0.718595 -4.50615 1
0.70616 -4.50487 1
0.693729 -4.50356 1
0.681299 -4.50224 1
0.669994 -4.49691 1
0.658612 -4.49174 1
0.647159 -4.48674 1
0.635637 -4.48189 1
0.624051 -4.4772 1
0.611823 -4.4746 1
0.59964 -4.4718 1
0.587475 -4.46893 1
0.575332 -4.46596 1
0.563215 -4.46289 1
0.551126 -4.45971 1
0.539076 -4.45639 1
0.527069 -4.45291 1
0.51519 -4.44903 1
0.503362 -4.44498 1
0.49159 -4.44078 1
0.479875 -4.43642 1
0.468237 -4.43185 1
0.45669 -4.42707 1
0.445225 -4.42209 1
0.433856 -4.41689 1
0.422585 -4.41149 1
0.411421 -4.40586 1
0.400361 -4.40004 1
0.389358 -4.39411 1
0.378463 -4.38798 1
0.367597 -4.3818 1
0.356744 -4.3756 1
0.346015 -4.36919 1
0.335376 -4.36262 1
0.324827 -4.35592 1
0.31434 -4.34911 1
0.303923 -4.34221 1
0.293472 -4.33535 1
0.282966 -4.32858 1
0.272644 -4.32152 1
0.262367 -4.31441 1
0.252145 -4.30721 1
0.242035 -4.29986 1
0.232041 -4.29236 1
0.222151 -4.28471 1
0.212361 -4.27694 1
0.202717 -4.26899 1
0.193161 -4.26093 1
0.183695 -4.25276 1
0.174417 -4.24439 1
0.165184 -4.23596 1
0.15603 -4.22745 1
0.147089 -4.21871 1
0.138207 -4.20992 1
0.129418 -4.20103 1
0.120848 -4.19193 1
0.112341 -4.18277 1
0.104103 -4.17337 1
0.095936 -4.16391 1
0.0878351 -4.15439 1
0.0799593 -4.14468 1
0.0721895 -4.13489 1
0.0645937 -4.12496 1
0.0571146 -4.11495 1
0.0497682 -4.10483 1
0.0426203 -4.09458 1
0.0355661 -4.08426 1
0.0287462 -4.07378 1
0.022043 -4.06323 1
0.0154322 -4.05262 1
0.00897082 -4.04192 1
0.00263919 -4.03115 1
-0.00346662 -4.02024 1
-0.00949002 -4.00929 1
-0.0153334 -3.99824 1
-0.021044 -3.98712 1
-0.0266173 -3.97593 1
-0.0320074 -3.96465 1
-0.0372732 -3.95331 1
-0.0423201 -3.94188 1
-0.0472052 -3.93037 1
-0.0520071 -3.91883 1
-0.056642 -3.90722 1
-0.0611181 -3.89555 1
-0.0654257 -3.88381 1
-0.0694265 -3.87197 1
-0.0732718 -3.86008 1
-0.0770559 -3.84817 1
-0.0806784 -3.8362 1
-0.0841345 -3.82419 1
-0.0874235 -3.81213 1
-0.0903982 -3.79999 1
-0.0932181 -3.78781 1
-0.0958807 -3.7756 1
-0.0984236 -3.76336 1
-0.10079 -3.75108 1
-0.103036 -3.73879 1
-0.105143 -3.72647 1
-0.107036 -3.71411 1
-0.108851 -3.70174 1
-0.110567 -3.68936 1
-0.112208 -3.67697 1
-0.113737 -3.66456 1
-0.115212 -3.65215 1
-0.116684 -3.63974 1
-0.118069 -3.62732 1
-0.119379 -3.61488 1
-0.120598 -3.60244 1
-0.121683 -3.58999 1
-0.122672 -3.57753 1
-0.123533 -3.56506 1
-0.124307 -3.55258 1
-0.124961 -3.5401 1
-0.125542 -3.52761 1
-0.126022 -3.51512 1
-0.126442 -3.50263 1
-0.126774 -3.49014 1
-0.127057 -3.47764 1
-0.127289 -3.46514 1
-0.12746 -3.45264 1
-0.127542 -3.44014 1
-0.127557 -3.42764 1
-0.127487 -3.41514 1
-0.127337 -3.40264 1
-0.127011 -3.39015 1
-0.126639 -3.37765 1
-0.126143 -3.36516 1
-0.125632 -3.35267 1
-0.125046 -3.34019 1
-0.124473 -3.3277 1
-0.123862 -3.31522 1
-0.123287 -3.30273 1
-0.122771 -3.29024 1
-0.122284 -3.27775 1
-0.121856 -3.26526 1
-0.121454 -3.25276 1
-0.121104 -3.24027 1
-0.120779 -3.22777 1
-0.120498 -3.21527 1
-0.120243 -3.20278 1
-0.12003 -3.19028 1
-0.119842 -3.17778 1
-0.119694 -3.16528 1
-0.119572 -3.15278 1
-0.119491 -3.14028 1
-0.11944 -3.12778 1
-0.119433 -3.11528 1
-0.119461 -3.10278 1
-0.119536 -3.09028 1
-0.119655 -3.07778 1
-0.11983 -3.06528 1
-0.12006 -3.05279 1
-0.120357 -3.04029 1
-0.120723 -3.0278 1
-0.121173 -3.0153 1
-0.121712 -3.00282 1
-0.122356 -2.99033 1
-0.123116 -2.97785 1
-0.124009 -2.96539 1
-0.12505 -2.95293 1
-0.124846 -2.94043 1
-0.124644 -2.92793 1
-0.124447 -2.91543 1
-0.124249 -2.90294 1
-0.124051 -2.89044 1
-0.123852 -2.87794 1
-0.123654 -2.86544 1
-0.123452 -2.85294 1
-0.123246 -2.84044 1
-0.123034 -2.82795 1
-0.122816 -2.81545 1
-0.12259 -2.80295 1
-0.122359 -2.79045 1
-0.122115 -2.77795 1
-0.121862 -2.76546 1
-0.121594 -2.75296 1
-0.121313 -2.74046 1
-0.121013 -2.72797 1
-0.120695 -2.71547 1
-0.120355 -2.70298 1
-0.119993 -2.69048 1
-0.119607 -2.67799 1
-0.119192 -2.66549 1
-0.118745 -2.653 1
-0.118264 -2.64051 1
-0.117745 -2.62802 1
-0.117185 -2.61553 1
-0.116579 -2.60305 1
-0.115924 -2.59057 1
-0.115214 -2.57809 1
-0.114444 -2.56561 1
-0.113606 -2.55314 1
-0.112694 -2.54067 1
-0.111704 -2.52821 1
-0.110542 -2.51577 1
-0.109346 -2.50332 1
-0.107942 -2.4909 1
-0.106608 -2.47847 1
-0.105289 -2.46604 1
-0.104055 -2.4536 1
-0.102931 -2.44115 1
-0.101874 -2.4287 1
-0.100902 -2.41624 1
-0.0999952 -2.40377 1
-0.0991705 -2.3913 1
-0.0984114 -2.37882 1
-0.0977339 -2.36634 1
-0.0971251 -2.35385 1
-0.0966704 -2.34136 1
-0.0962484 -2.32887 1
-0.095883 -2.31637 1
-0.0955465 -2.30388 1
-0.0952589 -2.29138 1
-0.0949995 -2.27888 1
-0.0947859 -2.26639 1
-0.094599 -2.25389 1
-0.0944563 -2.24139 1
-0.0943419 -2.22889 1
-0.0942694 -2.21639 1
-0.0942289 -2.20389 1
-0.0942343 -2.19139 1
-0.0942762 -2.17889 1
-0.094367 -2.16639 1
-0.0945021 -2.15389 1
-0.0946951 -2.14139 1
-0.0949431 -2.12889 1
-0.0952597 -2.1164 1
-0.0956457 -2.1039 1
-0.0961157 -2.09141 1
-0.0966757 -2.07893 1
-0.0973402 -2.06644 1
-0.0981207 -2.05397 1
-0.0990362 -2.0415 1
-0.100101 -2.02905 1
-0.099983 -2.01655 1
-0.0998694 -2.00405 1
-0.0997641 -1.99155 1
-0.0996626 -1.97905 1
-0.099568 -1.96655 1
-0.0994772 -1.95405 1
-0.0993933 -1.94155 1
-0.0993124 -1.92905 1
-0.0992361 -1.91655 1
-0.0991636 -1.90405 1
-0.099095 -1.89155 1
-0.0990286 -1.87905 1
-0.0989668 -1.86655 1
-0.0989073 -1.85405 1
-0.0988508 -1.84155 1
-0.0987959 -1.82905 1
-0.0987425 -1.81655 1
-0.0986906 -1.80405 1
-0.098641 -1.79155 1
-0.0985937 -1.77905 1
-0.0985487 -1.76655 1
-0.0985045 -1.75405 1
-0.0984625 -1.74155 1
-0.0984205 -1.72905 1
-0.0983816 -1.71655 1
-0.0983435 -1.70405 1
-0.0983069 -1.69155 1
-0.0982702 -1.67905 1
-0.0982336 -1.66655 1
-0.0981978 -1.65405 1
-0.0981611 -1.64155 1
-0.0981253 -1.62905 1
-0.0980902 -1.61655 1
-0.0980543 -1.60405 1
-0.0980177 -1.59155 1
-0.0979803 -1.57905 1
-0.0979437 -1.56655 1
-0.0979063 -1.55405 1
-0.0978666 -1.54155 1
-0.0978254 -1.52905 1
-0.0977842 -1.51655 1
-0.0977408 -1.50405 1
-0.0976935 -1.49155 1
-0.0976446 -1.47905 1
-0.0975927 -1.46655 1
-0.0975378 -1.45405 1
-0.0974806 -1.44155 1
-0.0974203 -1.42905 1
-0.0973547 -1.41655 1
-0.0972845 -1.40405 1
-0.097209 -1.39155 1
-0.0971274 -1.37905 1
-0.0970396 -1.36655 1
-0.096945 -1.35406 1
-0.0968435 -1.34156 1
-0.0967337 -1.32906 1
-0.0966162 -1.31656 1
-0.0964888 -1.30406 1
-0.0963934 -1.29156 1
-0.0962568 -1.27906 1
-0.0960653 -1.26656 1
-0.0958349 -1.25406 1
-0.095513 -1.24157 1
-0.0951796 -1.22907 1
-0.0948385 -1.21658 1
-0.0944792 -1.20408 1
-0.0941038 -1.19159 1
-0.0937033 -1.17909 1
-0.0932783 -1.1666 1
-0.0928213 -1.15411 1
-0.0923315 -1.14162 1
-0.0918013 -1.12913 1
-0.0912275 -1.11664 1
-0.0906057 -1.10416 1
-0.0899664 -1.09167 1
-0.0892439 -1.0792 1
-0.0882734 -1.06673 1
-0.0873129 -1.05427 1
-0.0863173 -1.04181 1
-0.085346 -1.02935 1
-0.0843878 -1.01688 1
-0.0834585 -1.00442 1
-0.0825316 -0.991953 1
-0.0816465 -0.979484 1
-0.0807936 -0.967013 1
-0.0799826 -0.95454 1
-0.079209 -0.942064 1
-0.0784765 -0.929585 1
-0.07778 -0.917105 1
-0.0771254 -0.904622 1
-0.0765104 -0.892137 1
-0.0759375 -0.87965 1
-0.0754057 -0.867161 1
-0.0749189 -0.854671 1
-0.0744795 -0.842179 1
-0.0740919 -0.829685 1
-0.0737623 -0.817189 1
-0.0734961 -0.804692 1
-0.073303 -0.792193 1
-0.0731955 -0.779694 1
-0.0731901 -0.767194 1
-0.0733061 -0.754694 1
-0.0738676 -0.742207 1
-0.0744642 -0.729722 1
-0.0750685 -0.717236 1
-0.0757315 -0.704754 1
-0.0731566 -0.692521 1
-0.0704336 -0.680322 1
-0.0675474 -0.668159 1
-0.064501 -0.656036 1
-0.0611792 -0.643986 1
-0.0577406 -0.631969 1
-0.0541754 -0.619987 1
-0.0504522 -0.608055 1
-0.046414 -0.596225 1
-0.042198 -0.584457 1
-0.0377745 -0.572767 1
-0.033148 -0.561154 1
-0.0327421 -0.548661 1
-0.0299559 -0.536475 1
-0.0249998 -0.525 1
-0.0229998 -0.45
-0.0209998 -0.40
-0.0189998 -0.35
-0.0169998 -0.30
-0.0149998 -0.25
-0.0109998 -0.20
-0.0089998 -0.15
-0.0069998 -0.10
-0.0059998 -0.05
-0.00463391 -0.00949002 1